0.257983905125 0.736891147819
0.238465896495 0.753651747666
0.489875053856 0.505127100388
0.266039051604 0.726057647606
0.145540294556 0.842379612775
0.740925925926 0.257222222222
0.431242896993 0.565347659882
0.332187042162 0.65778121439
0.454649058122 0.540323121271
0.236839394252 0.750489337591
0.206803181587 0.78603260563
0.461040609137 0.535532994924
0.440426483746 0.555845511482
0.255983350676 0.735246023487
0.180272108844 0.804576376005
0.252252252252 0.742073565278
0.392250444912 0.595736935771
0.493346832514 0.500578536303
0.408534389629 0.584263593806
0.205495970045 0.78891921051
0.308500477555 0.687042343203
0.165930973189 0.82058954229
0.272680118263 0.719591265107
0.670864173796 0.326396231856
0.236727516329 0.751591023279
0.242072902942 0.752305665349
0.353745215965 0.640035538546
0.302384530833 0.685569438525
0.250283268287 0.739644970414
0.297257926307 0.689631533847
0.182844243792 0.808647334607
0.83150736683 0.165470343785
0.606715506716 0.390231990232
0.348200768604 0.647257482241
0.293040469095 0.701840815149
0.306503634526 0.677225244308
0.522674466196 0.471759238853
0.228127208481 0.76593639576
0.350842992624 0.633561643836
0.352921056232 0.634081269668
0.394829048796 0.596466639619
0.284758119939 0.704813697075
0.74903740374 0.248487348735
0.869293078056 0.128497790869
0.420288143599 0.570185797512
0.516835310537 0.480722260991
0.21091529278 0.773978721676
0.212590080543 0.777569187913
0.4531198031 0.541419987139
0.447045211819 0.549394802421
0.593905663269 0.402061460648
0.275649808383 0.714560870515
0.722830527864 0.27390096421
0.456619185178 0.540492080885
0.421355590732 0.574255288531
0.295531319371 0.691921629186
0.533707567653 0.460731875232
0.178979861826 0.812288696163
0.227871793736 0.763578168609
0.749282021827 0.247415278576
0.403274463287 0.588964062912
0.314112212591 0.680178543624
0.416471605943 0.57692601262
0.260216788859 0.726803942891
0.349873067159 0.645280406185
0.710074859638 0.288365564566
0.175529788085 0.809576169532
201320162020205020602068207020902100210521102122213021502164217021802185218821952198222022302240226122702275228222900.635802469136 0.351935836063
0.380033293927 0.603271490265
0.574485247294 0.412842284016
0.356121602498 0.628800078075
0.290559120073 0.697858511791
0.400068681319 0.587568681319
0.345465049105 0.635855959946
0.442495368299 0.546229070771
0.330846142367 0.654081480376
0.438567743893 0.549810347443
0.524452399162 0.463837029979
0.421563481035 0.566990890845
0.652729733795 0.339675139119
0.368935218648 0.616348933863
0.424938618029 0.5644510698
0.3751075423 0.599942644107
0.347474990961 0.622634687236
0.327204408818 0.643336673347
0.308438179303 0.66998221461
0.286666666667 0.683430420712
0.415033490449 0.560406846936
0.311793944871 0.659286037054
0.394200701222 0.575191888562
0.596981439935 0.394656332857
0.469093708755 0.506819181698
0.407367084014 0.550172382508
0.260275180808 0.702240254013
0.26008583691 0.698998569385
0.373983739837 0.610932819855
0.386763439537 0.576577684832
0.364662140317 0.609731652118
0.255371780569 0.715235000243
0.548935671143 0.435114056178
0.361851332398 0.616129032258
0.443305186972 0.529553679131
0.550010801469 0.427090084251
0.393040847201 0.583963691377
0.350103051824 0.628491966924
0.288717156105 0.68114374034
0.389043441044 0.57778728868
0.366304932297 0.611306643203
0.229976442874 0.739399293286
0.333602703497 0.6301792536
0.390900396229 0.580953682197
0.360989810771 0.600565116876
0.360239471511 0.610239471511
0.297802750755 0.672844682992
0.343975082733 0.611446369476
0.394596516175 0.559189477426
0.620462494482 0.360419708649
0.37209586696 0.600513573001
0.390420399724 0.580634045486
0.366506520247 0.576012354152
0.601222104145 0.38655685441
0.387968217934 0.570488081725
0.34012813046 0.630363036304
0.28913759052 0.676234364714
0.25092817821 0.727435667648
0.338709677419 0.627767235927
0.333146618121 0.631564206694
0.323107569721 0.65823373174
0.475093043229 0.498640137418
0.47341931425 0.503932054105
0.30160486995 0.652739346984
0.40512255577 0.567612228036
0.2890625 0.6703125
0.442242954698 0.538809271905
0.316023391813 0.641637426901
0.635206076176 0.345582486317
0.274217961655 0.687941473259
0.345479762955 0.617828773169
0.254723127036 0.712703583062
0.271720381298 0.705174761689
0.309967465247 0.657497781721
0.55052299436 0.435377276454
0.390724269377 0.571950444727
0.572418203133 0.416711073218
0.284580447882 0.693452648619
0.263461056849 0.698722764838
0.286737466041 0.673252654977
0.316888930337 0.662221393267
0.280662488809 0.683079677708
0.335907335907 0.625344732488
0.304385508754 0.660426417057
0.360258952525 0.62154438353
0.320627802691 0.638116591928
0.424240205053 0.555327718784
0.249460766084 0.722536258832
0.516252390057 0.434034416826
0.331785773504 0.6309069806
0.788398499277 0.193221478478
0.610709117221 0.364688856729
0.418151702079 0.560772218414
0.497302093575 0.47907623684
0.424133092804 0.550160352776
0.395695067265 0.587085201794
0.680005347477 0.303313798673
0.454748472026 0.520568876352
0.440109860807 0.540131193003
0.492361713511 0.492496766519
0.377144607843 0.59987745098
0.627830198292 0.340418594224
0.611374570447 0.372852233677
0.442910396245 0.529200607483
0.399219261705 0.582954753858
0.414977283409 0.56728810904
0.582919949421 0.390720747009
0.323467862481 0.651818634778
0.693294739456 0.287787824824
0.417743732591 0.564094707521
0.779496333292 0.204368394211
0.425777275297 0.551724137931
0.697317840294 0.273283243054
0.531691470877 0.453161592506
0.298462950218 0.67997247075
0.554748822606 0.423665620094
0.674640079315 0.307932917208
0.65195387424 0.329327756338
0.514197062369 0.466516362338
0.47375225755 0.507673015922
0.438104041214 0.545142523142
0.429466489463 0.546421112588
0.507653128768 0.475427908466
0.586105552463 0.395588522938
0.61376317421 0.368464558793
0.515940239995 0.463186559272
0.538312284138 0.445148719006
0.847479354858 0.131549695274
0.540641383455 0.442255851181
0.51471825816 0.463857902559
0.737318226341 0.246538765823
0.60020743637 0.38096659379
0.696566740463 0.285529335609
0.778033284104 0.198862115791
0.361869904184 0.617181455692
0.377540650407 0.587906504065
0.437128512897 0.535980148883
0.639155728641 0.34518967258
0.737934382666 0.241128372854
0.500149537243 0.48134017702
0.406584907745 0.577008065407
0.373302399276 0.60129017655
0.508914358485 0.462273161414
0.415516693164 0.568890302067
0.429713998576 0.547422637243
0.55349365887 0.429914480094
0.670807005395 0.30996278023
0.415662650602 0.561937068663
0.57985534664 0.401020552617
0.56013363029 0.419185491569
0.552903728781 0.432486098369
0.428289573532 0.549096979815
0.245500692201 0.72358098754
0.416145833333 0.5609375
0.727169073732 0.2571940493
0.548443380089 0.433629832364
0.490399268516 0.490907243727
0.178217821782 0.801080108011
0.577361135448 0.399158927633
0.555819477435 0.426497756664
0.733966745843 0.24406175772
0.354300385109 0.626444159178
0.347925390179 0.634944803959
0.329516288253 0.651859164199
0.753057506154 0.231989122019
0.299411269975 0.67535744323
0.409987576853 0.579417140777
0.60865308406 0.378199449858
0.288630629253 0.690419756862
0.395866977803 0.589674252195
0.343502197081 0.636143239558
0.49030420829 0.494146363513
0.591420748403 0.379981746273
0.48369764318 0.49920625229
0.625936861231 0.353395412219
0.389885807504 0.559543230016
0.545679012346 0.43401920439
0.30306345733 0.682713347921
0.535534152307 0.446650406953
0.208232445521 0.762711864407
0.264662540525 0.713233127026
0.618346166722 0.360227653164
0.571460332753 0.413902990329
0.541121824647 0.441631162508
0.525577184246 0.457673155274
0.239629302736 0.742718446602
0.316947827058 0.668752094738
0.344311596861 0.640636690384
0.434083601286 0.536977491961
0.269118405224 0.704760268087
0.393642406681 0.589142662349
0.338631077639 0.638221286964
0.371335504886 0.614154575067
0.437159853183 0.547272497152
0.53479973736 0.446487196323
0.452838333693 0.521800129506
0.276235294118 0.712
0.737430167598 0.248654139157
0.32 0.661420765027
0.558519942638 0.427092361757
0.208679004467 0.773771537971
0.448779585799 0.539201183432
0.627207526799 0.357368705175
0.624518118736 0.351966075559
0.532258064516 0.439516129032
0.770559778853 0.214236351071
0.346410066617 0.634344929682
0.657270632877 0.328296517143
0.348151688974 0.632488846399
0.208199356913 0.777733118971
0.445995563375 0.534622886866
0.249886928991 0.732247851651
0.583366229665 0.410504664354
0.64789488133 0.340238089296
0.516175194126 0.466969291763
0.607685762252 0.378147781892
0.598452793567 0.389521696936
0.598465452358 0.388749359928
0.594609635872 0.391463931733
0.560768516873 0.421065102778
0.543744021999 0.44568986131
0.697151506167 0.290993422952
0.45244189963 0.538217132592
0.928632273042 0.0654137959951
0.601569440332 0.38680781759
0.210345451257 0.784228612769
0.291449033772 0.698857813175
0.293790149893 0.696788008565
0.443213681874 0.547588068716
0.674716900658 0.320530300338
0.291686689092 0.695819317636
0.458311792076 0.530854913757
0.413058907026 0.573903214783
0.282878596387 0.7099525261
0.385338002325 0.608513842487
0.326068406457 0.663727511911
0.432651447772 0.55588496887
0.264819409981 0.715191618417
0.490553852359 0.503312086627
0.398555730803 0.591954847035
0.504074338813 0.488736852854
0.353843588461 0.633483408371
0.692191390964 0.302605834223
0.256235536128 0.72692208794
0.394811320755 0.597405660377
0.29815046586 0.691280767626
0.42271180369 0.569407128784
0.346081081081 0.642972972973
0.459459459459 0.531255745541
0.423878330393 0.5632355897
0.40495083079 0.585577031762
0.507523402288 0.484232058246
0.168260261194 0.818913246269
0.420931987414 0.569101755485
0.354910714286 0.636858258929
0.513588324107 0.477352793156
0.190873844319 0.798389501939
0.428376255209 0.563645057723
0.444073581544 0.548599155387
0.617157680693 0.375073466327
0.358318196389 0.627791430708
0.272532844485 0.714023831347
0.48058525605 0.51142374789
0.461100491813 0.530859074738
0.437141357052 0.553266005744
0.427908522633 0.563871808966
0.580841495587 0.41560625357
0.519027010894 0.470228324131
0.276986330069 0.715602576861
0.270681695735 0.720264945437
0.399530148786 0.591307752545
0.589989539885 0.403819026992
0.595670672689 0.398138812712
0.61528554184 0.379314742696
0.476620566814 0.51245442083
0.535409192149 0.454031576753
0.464813177457 0.526648000786
0.399014629428 0.592008221497
0.338184272312 0.653973745996
0.556503926255 0.435701854458
0.255251381943 0.734969728876
0.495169806212 0.496315708042
0.482400225775 0.510354525726
0.361187308086 0.631709314227
0.278068361513 0.70988930787
0.29842595567 0.690223792697
0.245789971618 0.744181646168
0.523989213897 0.467436163041
0.370450576319 0.6195599022
0.265160214855 0.72335617707
0.257176280032 0.734725096734
0.263624660277 0.727077671292
0.32204561161 0.67000691085
0.207317073171 0.784806910569
0.500594530321 0.492271105826
0.51963398376 0.473760756272
0.164713437149 0.820998555145
0.270982724902 0.717609191656
0.267723102585 0.720878509869
0.429353233831 0.56600331675
0.228340332867 0.76046041375
0.587627618543 0.408091960977
0.26009238803 0.733480618598
0.178246286536 0.810094234148
0.430236322434 0.566526383943
0.283063006862 0.709996880848
0.400772979331 0.593177617207
0.544102350739 0.451633035157
0.337259218492 0.654265272427
0.606143970656 0.390646492435
0.376508543434 0.61841319154
0.34367881549 0.65062642369
0.33006528409 0.660038293848
0.246249437927 0.744552998406
0.324802613667 0.669207732099
0.569630834371 0.425235555475
0.503960999391 0.489335770871
0.312582941247 0.671251055616
0.238503873898 0.750542345712
0.65129981904 0.337842609348
0.610570236439 0.387343532684
0.830275368014 0.166167921087
0.366369710468 0.62286562732
0.447442571278 0.543136412118
0.350091074681 0.645755919854
0.308230912477 0.683947858473
0.283744412877 0.710862995603
0.351245973894 0.640956094253
0.289964633895 0.702363353979
0.350028675206 0.641177595106
0.40839086564 0.58682952735
0.251289263947 0.73417721519
0.162528216704 0.827797484682
0.42644174186 0.568262063554
0.79016387315 0.203949028317
0.316026812919 0.675441803778
0.513330101794 0.479641299079
0.672848262877 0.32328286606
0.505222169657 0.487153826558
0.48799699925 0.508064516129
0.169334456613 0.826453243471
0.243176667652 0.750320228594
0.404951690821 0.586231884058
0.372217491789 0.620970684832
0.356530771228 0.638535445339
0.246850430994 0.738751539263
0.342461356533 0.649598783681
0.312446780398 0.676630354993
0.204533971546 0.786105571068
0.237326043738 0.752236580517
0.690209643843 0.303598904829
0.234358144552 0.755124056095
0.147058823529 0.841736694678
0.380248249331 0.614912992516
0.242367174571 0.745762711864
0.378138690031 0.617053103964
0.421179149798 0.572874493927
0.444199093895 0.547715874834
0.195956454121 0.795456082223
0.241156911561 0.75043860382
0.813942751616 0.182825484765
0.202944364162 0.781159682081
0.281186919661 0.716256223927
0.336704044854 0.654385262315
0.24703087886 0.742517814727
0.459375212532 0.534050463603
0.395029853155 0.598049235293
0.31194108364 0.68122041031
0.215705938781 0.77491933374
0.327790973872 0.663895486936
0.257289879931 0.733180865256
0.572971476045 0.42370534478
0.430733410943 0.563154831199
0.32875960483 0.665751920966
0.367668444014 0.625949264825
0.357608129234 0.634575299635
0.37005946135 0.622945085694
0.38948584053 0.604990962041
0.237021178989 0.7586971481
0.639718482252 0.35605875153
0.373753399819 0.618313689937
0.372275501308 0.615228131357
0.449080166164 0.544030755734
0.233722720275 0.752694014308
0.422608327153 0.572094501536
0.465905435831 0.527500804117
0.652680184702 0.343706083116
0.261473162968 0.727208418074
0.434508816121 0.556360201511
0.469589965216 0.524928850005
0.296662999633 0.69563623029
0.477082306555 0.517373090192
0.338569656883 0.654898718479
0.290772233064 0.702815723446
0.338000437541 0.654342594618
0.265968678515 0.719690304417
0.596330150992 0.399810413704
0.503104389631 0.49117000459
0.281797989245 0.707855973813
0.346500777605 0.644167962675
0.302387314535 0.688207580339
0.531020261789 0.463600502062
0.20313111546 0.78301369863
0.184551886792 0.810583726415
0.19211522031 0.798486512877
0.28700220061 0.698729324909
0.347539320142 0.646626078133
0.339659901262 0.653867251783
0.535906642729 0.456912028725
0.263921879124 0.723409870678
0.568067754078 0.428481806775
0.65683795266 0.339027412503
0.544400309243 0.449468156008
0.275563258232 0.720970537262
0.465810643564 0.528929455446
0.414976208365 0.579764588029
0.401856185301 0.589973426407
0.257565632458 0.732983293556
0.619952494062 0.371971496437
0.527289092546 0.467474020129
0.641115926327 0.352112676056
0.649494949495 0.342424242424
0.288315176839 0.705566333383
0.428451648966 0.564281721632
0.425697302241 0.568358481939
0.566213151927 0.428117913832
0.418240017361 0.577039930556
0.332606861642 0.662331271091
0.305592887419 0.687583996692
0.24239776302 0.747815449144
0.376870748299 0.61768707483
0.401554204816 0.591444179426
0.401745495495 0.59009009009
0.531443755536 0.46191319752
0.234108673133 0.754025802806
0.355450236967 0.639108302615
0.259418500702 0.727980928866
0.23509952185 0.757227843879
0.324455205811 0.669814366425
0.584117425668 0.408731652239
0.519371964306 0.47610979329
0.270772145902 0.72013263856
0.463898916968 0.529783393502
0.3592760181 0.637104072398
0.202271246393 0.787954947408
0.295280150572 0.695526277689
0.309493670886 0.682911392405
0.457267499504 0.536387071188
0.491859468723 0.503213367609
0.303864098576 0.691111376959
0.759607472648 0.222168043154
0.695616492318 0.290063611561
150050.750071071762 0.229582098038
0.767496413478 0.214997479741
0.458921277905 0.519660941084
0.314063848145 0.653580672994
0.421364477995 0.551374448084
0.170574243969 0.807679238872
0.337896253602 0.635446685879
0.257883998834 0.712911687555
0.65717529089 0.325323999622
0.328650940896 0.644844950967
0.401084565406 0.570164219573
0.273800100741 0.703365234703
0.310773771874 0.653173097196
0.226173541963 0.75106685633
0.302588996764 0.68284789644
0.313591507642 0.665442206519
0.167474258025 0.804360993337
0.168604651163 0.806201550388
0.170666666667 0.813333333333
0.310035842294 0.65770609319
0.261493040911 0.718684099536
0.30500483559 0.673476789168
0.118473101266 0.836827531646
0.18112244898 0.799319727891
0.272555681389 0.702780923619
0.27571481619 0.698848867434
0.238095238095 0.725359911406
0.157168853558 0.817929317115
0.262012560245 0.715203738864
0.357165923917 0.619824969321
0.519089574156 0.45092059189
0.207399687337 0.765502866076
0.265521064302 0.706762749446
0.329794293298 0.641672196417
0.124559251878 0.852368542082
0.216571428571 0.757333333333
0.399652134882 0.581103069068
0.176225716929 0.797409805735
0.232626909808 0.745194677181
0.280390107976 0.695228143504
0.361365235749 0.617171006334
0.4449346982 0.521178962231
0.494203520824 0.485830828682
0.304156082416 0.671464860288
0.454873646209 0.52251567547
0.275410563693 0.703062583222
0.38225300575 0.607422895975
0.556007112014 0.429768859538
0.484817813765 0.498228744939
0.511449347365 0.469536154645
0.384015594542 0.600779727096
0.519255530844 0.462483904951
0.52688172043 0.452725250278
0.516651430064 0.46872143137
0.497411242604 0.483912721893
0.577463274812 0.403057446554
0.458021337221 0.521436617852
0.451328502415 0.532125603865
0.375658914729 0.608372093023
0.442369942197 0.540346820809
0.507809788268 0.475616105519
0.760988003298 0.229328102954
0.425109649123 0.555592105263
0.385931916494 0.593379725409
0.575201482374 0.407652981493
0.423546026448 0.557837976634
0.386347305389 0.598922155689
0.546822927437 0.43968779906
0.453299369238 0.532872392043
0.340400119439 0.637802329053
0.312503716035 0.67263214222
0.409824198552 0.568045501551
0.348848142924 0.638614637204
0.476556206026 0.504323540469
0.596222249479 0.382926530112
0.555283414976 0.423722883135
0.451284704259 0.525607863425
0.485980313913 0.486512370311
0.420929141248 0.552088221492
0.432323465039 0.550397419652
0.3955654102 0.589800443459
0.5806874836 0.404093413802
0.532081566727 0.454149000606
0.341578327444 0.639428739694
0.596975648075 0.379615082482
0.402144249513 0.577582846004
0.435518710958 0.542530211921
0.476532929599 0.50340651022
0.5448346403 0.440078418002
0.313255567338 0.66553552492
0.548909116428 0.437824574901
0.515365690935 0.46926861813
0.526399391472 0.462548659895
0.591811155212 0.392563191978
0.558556066352 0.428955124787
0.546790857234 0.435896924488
0.461338233042 0.520747205635
0.47603559374 0.505860693464
0.396181690051 0.588122237171
0.407062475747 0.576173845557
0.520337682272 0.464082885649
0.518966623645 0.465747597176
0.497370826104 0.485529609664
0.497446133975 0.487308949295
0.540307058771 0.442191486505
0.537487311626 0.445529788397
0.480401198985 0.500749365921
0.486486486486 0.496601865023
0.520282186949 0.461346266902
0.374756470916 0.60826607292
0.418446301455 0.568245125348
0.5524768152 0.43315991857
0.439787387188 0.546481368695
0.504472271914 0.477638640429
0.486243317251 0.49452340592
0.42608 0.55456
0.452960128876 0.528836085381
0.564913664762 0.420135133416
0.470546984572 0.508615507914
0.428777938397 0.554653619482
0.397186431764 0.585195897975
0.378767431399 0.602339181287
0.500765228038 0.48729721457
0.569715142429 0.412593703148
0.486242759347 0.496050552923
0.416001047532 0.565667146785
0.617143944161 0.370769253281
0.615442959967 0.3713784576
0.444852941176 0.533613445378
0.513758520645 0.470399855438
0.496855345912 0.479559748428
0.41906958862 0.558631295656
0.390306827605 0.5887772966
0.466804265566 0.520467836257
0.523438242845 0.460492535894
0.460084692597 0.520749686324
0.429904490065 0.548797892195
0.49409328949 0.488551942516
0.425951557093 0.562629757785
0.533814920912 0.452982936854
0.421305061214 0.563927805124
0.315756823821 0.667617866005
0.44490672393 0.534827539928
0.580089318943 0.404428730927
0.558330325561 0.42968671046
0.419107369242 0.564021714397
0.554710872343 0.42697413841
0.358967755228 0.625167404965
0.365037037037 0.62237037037
0.4752876455 0.517272147865
0.437610976594 0.550799031477
0.410559495666 0.572629366956
0.492548298068 0.494940202392
0.366068074235 0.624239236607
0.479044894914 0.504912324338
0.42858783008 0.55625717566
0.448426181165 0.534585550356
0.460249464533 0.531246062744
0.4350957316 0.550149306165
0.428802327461 0.558833037013
0.481871838111 0.504426644182
0.318370818371 0.670572670573
0.320610343431 0.670027456452
0.371183206107 0.614790076336
0.418798925108 0.570802663863
0.569146160331 0.419573682309
0.471615720524 0.513558682409
0.439143859649 0.552196491228
0.463987308302 0.520042305658
0.445187275666 0.546455873085
0.41799513645 0.560794379897
0.321162373809 0.662043589018
0.411156795199 0.571730192244
0.427766732936 0.559907223327
0.429789501732 0.560542042556
0.419101453531 0.564454558802
0.385332981792 0.607889512702
0.347016343596 0.642955296319
0.403205234847 0.583874008762
0.377633636237 0.612690991842
0.472295266717 0.511551465064
0.462920588694 0.525430339591
0.358185162477 0.630839975475
0.423251847641 0.560090960773
0.392162960659 0.596252526823
0.451162230519 0.529928941347
0.464641212301 0.523844896746
0.448561759729 0.529357021997
0.367709329327 0.622712061194
0.461046476214 0.526222817811
0.306621482441 0.680554171235
0.385889052942 0.600822611263
0.667821436315 0.324830759594
0.603065821217 0.382395012703
0.389348025712 0.595149354508
0.526479370013 0.461018665642
0.6384263943 0.353711496653
0.425371120108 0.561457489879
0.34923234391 0.637052200614
0.394955595027 0.590053285968
0.656542872574 0.334895320393
0.39364142904 0.593575876762
0.358910115878 0.630024010857
0.434991708126 0.547263681592
0.41618054328 0.569854457604
0.39698320192 0.586904353788
0.419710288473 0.56159465148
0.438305709024 0.54205033763
0.419498847926 0.5616359447
0.605774896877 0.377253977608
0.447909754479 0.534339747843
0.530228136882 0.458935361217
0.456363208657 0.532737395123
0.415431266846 0.567385444744
0.432888888889 0.552820512821
0.447931130242 0.535684532074
0.343760262726 0.639901477833
0.423233250295 0.559853153271
0.581005775557 0.410208275197
0.481064021641 0.500788999098
0.397687795433 0.588302295119
0.495182854896 0.491348800629
0.5058225704 0.473533770908
0.444656758669 0.542816702052
0.487810435179 0.494531784005
0.45 0.532967032967
0.552820618073 0.436712015481
0.415229334355 0.568800306631
0.365707434053 0.61690647482
0.507725244396 0.482976089143
0.562078651685 0.42191011236
0.573159558386 0.414838059462
0.3935502489 0.594329413462
0.439018281993 0.541948409717
0.43030154963 0.558878961329
0.404846440618 0.578022368187
0.471220502766 0.509698200406
0.337213755074 0.651221566976
0.449930264993 0.532775453278
0.386380117345 0.60135803283
0.475836431227 0.510285006196
0.508916323731 0.47508001829
0.564628758729 0.421975203078
0.482186432406 0.501220107369
0.508220786847 0.478860833823
0.516254494753 0.471930725765
0.605324292083 0.384049099014
0.531762146483 0.454314720812
0.540349221331 0.448639295265
0.586800155521 0.401535769829
0.485547061634 0.50370281892
0.47068747364 0.518206101504
0.453046177726 0.532984090027
0.512214036448 0.475474990306
0.439094650206 0.547325102881
0.54171440475 0.445578585564
0.598410374399 0.390880568919
0.455450236967 0.531595576619
0.599630712417 0.390213879058
0.50192700068 0.478802992519
0.468528953363 0.520920752907
0.579200716445 0.407477890966
0.611860957681 0.376593712363
0.518149964961 0.46783461808
0.466065862165 0.52171229283
0.461162079511 0.520489296636
0.487343327599 0.496190710248
0.523104733928 0.464128347079
0.609169983783 0.377758120792
0.467776311783 0.522683446666
0.557754073379 0.391372640957
0.513410728583 0.47357886309
0.577183181417 0.411545623836
0.59812967581 0.379551122195
0.501563721658 0.487685691947
0.472844663882 0.514242309153
0.496213714767 0.492217080353
0.409506938293 0.581045172719
0.453168523677 0.526636490251
0.498255669076 0.487042113132
0.474247832738 0.511303756587
0.496984867448 0.489361702128
0.470627237767 0.517968439199
0.487325495959 0.512674504041
0.623246918827 0.365703357416
0.422178606477 0.565456329735
0.412765957447 0.574468085106
0.492621886436 0.492621886436
0.615767045455 0.371550324675
0.530851340797 0.455610518094
0.591459828255 0.390659922362
0.702074045358 0.285755822003
0.545993766965 0.442143359807
0.473296848462 0.510096244574
0.510466275335 0.477350758667
0.575999026823 0.40897755611
0.602270698704 0.387232675212
0.515653775322 0.472682627379
0.456988033416 0.525852336871
0.269969340003 0.719864450541
0.442822966507 0.541267942584
0.410516605166 0.57647601476
0.438784576201 0.546822247231
0.539051035382 0.447252568074
0.409881313828 0.576455975711
0.562943262411 0.437056737589
0.48023549201 0.506097560976
0.465956340956 0.518970893971
0.442873519297 0.549866259075
0.572982678496 0.417564427545
191410.332371794872 0.649679487179
0.395514223195 0.59409190372
0.506276150628 0.479079497908
0.368510294711 0.625272507065
0.450075263422 0.534621174109
0.565760710129 0.421037938507
0.483343688764 0.50568752091
0.548985975179 0.436989203915
0.462401795735 0.524130190797
0.446150777822 0.538292780215
0.56814865827 0.422992074516
0.44484375 0.5425
0.181587837838 0.810810810811
0.571751953508 0.409463900921
0.554997144489 0.435522558538
0.448448448448 0.534534534535
0.508676420551 0.471929227628
0.430047472773 0.55291817928
0.555184603299 0.423278345117
0.496738646032 0.490702102662
0.488129154796 0.49648622982
0.458262926664 0.528218992903
0.535891156463 0.451646258503
0.535939052666 0.451473998013
0.607477469439 0.380119568127
0.489139606085 0.501386176804
0.604343720491 0.380547686497
0.486601513241 0.50236443884
0.372247465921 0.608353722475
0.322768974145 0.647484014456
0.449075391181 0.528733997155
0.242738589212 0.744398340249
0.274037129399 0.705273852406
0.352542882937 0.625789948841
0.299859878561 0.683325548809
0.328219057407 0.651739832624
0.278737791134 0.701728024042
0.21223814774 0.769570011025
0.362130177515 0.618612157074
0.253223915592 0.730949589683
0.213842058563 0.771960958296
0.248796554345 0.739549024576
0.277193784278 0.70155393053
0.26505157112 0.721515951067
0.201244813278 0.784232365145
0.362774376587 0.616918022995
0.494278880341 0.481802314306
0.219922380336 0.769081500647
0.277672881756 0.703445834317
0.308595988539 0.669340974212
0.641906680354 0.338472563869
0.244377811094 0.733883058471
0.252283907238 0.72733661279
0.321777704756 0.660231660232
0.289164941339 0.688750862664
0.315206644255 0.669962428317
0.332089552239 0.651469216418
0.377648992302 0.602802525733
0.429153924567 0.557594291539
0.183834048641 0.801144492132
0.230714285714 0.745
0.238205723125 0.750580046404
0.203921568627 0.776960784314
0.202702702703 0.793243243243
0.298565840939 0.680247718383
0.214154411765 0.768382352941
0.268505079826 0.711175616836
0.403378334312 0.578164742712
0.177139037433 0.812834224599
0.190926275992 0.790170132325
0.367320473334 0.611120116713
0.396962374871 0.581981360028
0.19734345351 0.777356103732
0.447260241893 0.539758827789
0.207845836201 0.783207157605
0.263717322608 0.708991669061
0.175422974176 0.804096170971
0.423658563907 0.555057690153
0.188318227593 0.791540785498
0.42983816588 0.552494942684
0.216461438756 0.761503564485
0.30906684315 0.66821089786
0.156228008445 0.824067558058
0.456421833427 0.52148673708
0.314690130069 0.668094873757
0.298366134423 0.686037875975
0.354100318471 0.62699044586
0.191191709845 0.791191709845
0.373231054093 0.610302869991
0.219264892269 0.762040557668
0.309044117647 0.672205882353
0.319103521878 0.660974742085
0.163755458515 0.821688500728
0.2663507109 0.712985781991
0.355454286528 0.622614639704
0.187541418158 0.79324055666
0.206692079627 0.777636594663
0.335967849967 0.63871399866
0.209539121115 0.772240085745
0.229363784666 0.751712887439
0.305770584096 0.67663617171
0.197097020626 0.789152024446
0.26393629124 0.704933291964
0.308310991957 0.673897148428
0.175097276265 0.806095979248
0.372854674602 0.608869264734
0.238584474886 0.741628614916
0.287193735792 0.693609497348
0.45324358511 0.529860860137
0.181570762053 0.798600311042
0.281833616299 0.688737973967
0.222119246216 0.763052208835
0.357767408146 0.623114211933
0.14580403188 0.838255977496
0.424028363173 0.55761805046
0.272799365583 0.717684377478
0.486872000486 0.495790049207
0.188905547226 0.80059970015
0.254129129129 0.725225225225
0.201289728236 0.780746199908
0.260340632603 0.721654501217
0.227217496962 0.759416767922
0.133493975904 0.853012048193
0.324430479183 0.651708562451
0.213165266106 0.773669467787
0.250603864734 0.733695652174
0.292682926829 0.681492109039
0.119402985075 0.858208955224
0.220689655172 0.756206896552
0.160749506903 0.823471400394
0.286925795053 0.689517078916
0.320480404551 0.660556257901
0.69378188833 0.292263868607
0.255135135135 0.744864864865
0.273785356611 0.71159832183
0.328056872038 0.652511848341
0.351477832512 0.624876847291
0.323317665259 0.662402570358
0.486462689853 0.491745542593
0.219813991104 0.769834209462
0.320872887698 0.665931382203
0.406362545018 0.578631452581
0.429919202671 0.552953698776
0.377316648186 0.609615079994
0.365107384525 0.607825831127
0.438369781312 0.531013916501
0.364937808026 0.619690213565
0.33126894189 0.654137567532
0.293009233088 0.696438665913
0.356831747056 0.623648975641
0.40022072189 0.58367956375
0.387635569454 0.596753778572
0.335880779519 0.649216660298
0.447457627119 0.529856584094
0.439710528998 0.535317500764
0.204633204633 0.785462481115
0.391532043316 0.599813598438
0.367865369849 0.618377271564
0.210755024443 0.775393807713
0.182406519655 0.806807286673
0.319083969466 0.662595419847
0.249195566679 0.735073292814
0.442024666453 0.543120443813
0.313472485769 0.675901328273
0.610337972167 0.358648111332
0.292623259315 0.69345126082
0.517404827754 0.469174298989
0.390775034294 0.588477366255
0.480873619005 0.494348298103
0.488683084846 0.494663399643
0.437700821135 0.54623348804
0.400250548074 0.576260569997
0.279095574976 0.709807185463
0.351418559964 0.6335480954
0.36168368926 0.622469823584
0.318489346663 0.66696960517
0.237054538295 0.745225438078
0.419103684011 0.560134194202
0.515004840271 0.465634075508
0.391347836959 0.597549387347
0.260843251967 0.722715352027
0.38418972332 0.595520421607
0.335924893648 0.645005134223
0.505966466945 0.479482402699
0.393755420642 0.589910378722
0.360888888889 0.624888888889
0.367169733306 0.615877610089
0.142228177642 0.843606431853
0.555047467146 0.435122577507
0.308514322466 0.6782763568
0.2826188803 0.698524244554
0.385264442928 0.599098775627
0.450133809099 0.526315789474
0.269909561858 0.715602774607
0.309647134995 0.672224020719
0.205255396166 0.784868391652
0.360417773057 0.620109753939
0.271186440678 0.713306887847
0.174209688424 0.812826927451
0.318518518519 0.651730418944
0.315174285118 0.670632435817
0.30073216042 0.685498852584
0.353146091879 0.629218375789
0.349954086318 0.635904499541
0.409079118029 0.575875486381
0.366944137348 0.619204005983
0.232661364897 0.754207508785
0.443916779738 0.539574853008
0.380858714694 0.605280142607
0.452590840679 0.523328316491
0.472225869993 0.504530531845
0.364388559515 0.616522249006
0.218851570964 0.764897074756
0.405982305856 0.576042690633
0.387560235588 0.597090844191
0.512655685014 0.464041783849
0.314015904573 0.674055666004
0.321505120267 0.651107406525
0.22872454448 0.758199356913
0.409834478753 0.575646113639
0.430192174114 0.55035887937
0.482659632245 0.500193963845
0.421800947867 0.558745729086
0.428282828283 0.550168350168
0.400019710259 0.569725041884
0.341078923124 0.64803630532
0.356556514418 0.624921069249
0.225978647687 0.758600237248
0.349362288866 0.633574629438
0.331951807229 0.651759036145
0.420474109389 0.559087096632
0.412834866054 0.573170731707
0.216952573158 0.770860824342
0.444334975369 0.525123152709
0.224737009882 0.758208479439
0.499632082414 0.479151336767
0.213004181843 0.769189262107
0.390876837304 0.597161682717
0.370604099245 0.617637540453
0.379668901354 0.607059789301
0.312958131445 0.668157535098
0.291436464088 0.696869244936
0.312284962558 0.675166970249
0.344109085338 0.641795618201
0.389296956978 0.587355718783
0.464700033146 0.517069937024
0.40032661208 0.588740955794
0.358293838863 0.62654028436
0.305864369094 0.676486937187
0.431407942238 0.548194945848
0.254250893965 0.730788878348
0.503032345013 0.474393530997
0.408798894039 0.579816215337
0.263122426058 0.719880194684
0.305376571247 0.668955318475
0.314057398178 0.670755284413
0.433941605839 0.545711678832
0.373582900331 0.604274917336
0.21820378002 0.761546113401
0.483041722746 0.508209959623
0.277157072404 0.713699646489
0.510256884125 0.481472925522
0.368204353599 0.614315471477
0.228489679133 0.755364806867
0.161443244667 0.813537002897
0.317511961722 0.667177033493
0.442186814793 0.548165472884
0.395297575312 0.594940694867
0.427662178703 0.561566707466
0.504661844944 0.483679736074
0.636976678842 0.352346164653
0.440679670219 0.546048662779
0.366345311131 0.612996118693
0.316267635742 0.671013253527
0.172256631997 0.807058548557
0.376673501387 0.606772403811
0.549479325254 0.437549479325
0.317476732161 0.670889348501
0.358916603483 0.625421299345
0.290592592593 0.687185185185
0.336097112147 0.648825829656
0.25498113108 0.714881376508
0.131257631258 0.854853479853
0.431697127937 0.557493472585
0.131217805041 0.850281152924
0.584905660377 0.406037735849
0.438660301584 0.549973478821
0.457080916388 0.530497451222
0.793248887461 0.191684838707
0.368767400658 0.62095969747
0.323501244972 0.659739513503
0.443586650583 0.538962605549
0.349739986434 0.636641911752
0.449341110391 0.536616979909
0.360636096286 0.626402352685
0.232594280978 0.748653128885
0.257828655835 0.71211225997
0.335486157602 0.648052612925
0.576904415332 0.407892608766
0.556634561808 0.432380800764
0.573725055432 0.411492978566
0.476994045518 0.509473040081
0.388380339766 0.595538512288
0.408036689233 0.575715221664
0.224550925545 0.758399313261
0.338157190498 0.646815430853
0.541447368421 0.449671052632
0.284552246142 0.693207510076
0.285517114464 0.701048951049
0.252174963751 0.727767037216
0.22411059674 0.75756230579
0.328715635739 0.655874140893
0.36179529283 0.624904214559
0.42499578628 0.560761840553
0.17605775015 0.811108883096
0.429690281239 0.560519757921
0.30214338507 0.684109386548
0.56339193762 0.415569368839
0.537643093892 0.441801520764
0.645195016215 0.339302243502
0.587073509015 0.387572815534
0.587998753117 0.394856608479
0.564191860819 0.417543646207
0.597805260408 0.383905242989
0.551078135868 0.430651518665
0.567433325951 0.406719605176
0.523498026604 0.457084734201
0.470226090649 0.507907865407
0.570340606457 0.409802364155
0.518597691321 0.461113918147
0.522569521199 0.458685176179
0.495341708241 0.485063412875
0.593518722063 0.388904154759
0.356639802512 0.624155957308
0.480605038916 0.504193505099
0.559850681274 0.423790724591
0.460067576023 0.527818796146
0.373874931518 0.611645926274
0.328344151712 0.653022782232
0.413988034881 0.565681403366
0.625869544873 0.365614374396
0.450057874311 0.539252400082
0.481273094546 0.503966103365
0.281515125546 0.703487873854
0.393264486923 0.588026736928
0.597776394748 0.387609585936
0.492815652706 0.492917558341
0.712871183 0.276301605414
2403324035240370.480967402734 0.509148264984
0.439687161044 0.547981960381
0.423654468597 0.560940235943
0.462631500224 0.526125542205
0.416403916362 0.571979754398
0.874523973134 0.115846873407
0.561040210057 0.424159618966
0.75163895776 0.225894772067
0.607137373695 0.374645724838
0.751404360659 0.232124155003
0.59356355244 0.390076074878
0.726925891084 0.248980871747
0.615290366239 0.363588360743
0.717737964471 0.259699758848
0.642301706409 0.34074676227
0.675037418926 0.309828704474
0.584597606998 0.399534856508
0.530198960228 0.454470656089
0.774926110074 0.211384607128
0.558340986718 0.421029558249
0.453634085213 0.53320802005
0.520421052632 0.460631578947
0.435046322836 0.54599922333
0.510772290355 0.472323500166
0.438853595149 0.541871209934
0.511195866142 0.468380905512
0.47338090011 0.506586169045
0.440013086864 0.537575658433
0.567485677469 0.414334720602
0.529217947476 0.454210679329
0.519920677844 0.465219294857
0.460124712832 0.521496553988
0.538447152698 0.444752672755
0.512494166561 0.471426753214
0.474490151041 0.508526484304
0.483490396374 0.497733975973
0.489895052474 0.494692653673
0.514658427738 0.466392035702
0.49541761617 0.488556425245
0.479509339281 0.495957624756
0.524280008409 0.460531847803
0.450379385471 0.529562016377
0.533462926965 0.449493196334
0.46914600551 0.513223140496
0.654537268225 0.329476666712
0.497696548599 0.482667472245
0.575629235237 0.402952565344
0.477270395074 0.50719343253
0.513251381527 0.469380850344
0.428627316739 0.54873098929
0.467998496994 0.507264529058
0.488298803618 0.492208929093
0.659417743325 0.324844099914
0.472404772539 0.505646653481
0.515121607332 0.464081776524
0.499837715028 0.478253813697
0.588345267911 0.395781156302
0.503066990591 0.479067956995
0.59242670024 0.390698012251
0.444758206848 0.532650900106
0.494345809499 0.489232626724
0.432624113475 0.536170212766
0.551587301587 0.428760393046
0.47301706274 0.503306732507
0.508505047711 0.479670861568
0.516206080161 0.465607911333
0.425083820193 0.557941335903
0.434671532847 0.543795620438
0.473264540338 0.510944340213
0.533820343738 0.44767341992
0.556290372193 0.423408182098
0.591692789969 0.388895587171
0.513501084029 0.469482951186
0.487908198831 0.495200815057
0.542010332638 0.440043505846
0.473875396952 0.509127047589
0.386812600107 0.596502936466
0.512726558922 0.469174900216
0.488262910798 0.491331189235
0.448320895522 0.530037313433
0.639031161744 0.34530419798
0.466952343851 0.513439813011
0.565320866849 0.419986924754
0.512031337437 0.468462706851
0.500650074294 0.476690193165
0.506048906049 0.469240669241
0.440247003269 0.541772611696
0.435998151571 0.536044362292
0.446575776791 0.5351934052
0.373878544376 0.610755893492
0.495800559925 0.480602586322
0.504056939502 0.478790035587
0.579050035074 0.405680955538
0.502762499227 0.476546566961
0.479400311526 0.501401869159
0.44858191194 0.529452598175
0.504971098266 0.475838150289
0.533556450658 0.44585949532
0.485771845883 0.494261970716
0.534658306489 0.446818913944
0.697851071791 0.288357299407
0.741770543831 0.245123358488
0.469136589721 0.512944777452
0.489832854253 0.488768231662
0.478900769747 0.503017322072
0.454583086931 0.523418095801
0.542031207721 0.440245332371
0.438791402762 0.536704392067
0.520107238606 0.456434316354
0.553296876342 0.423225584791
0.42809758974 0.549421390138
0.626586761101 0.356796513212
0.416643130926 0.568045188622
0.447285916272 0.532366140038
0.517938991623 0.45930140667
0.437724735454 0.540666415534
0.57161476197 0.410824530114
0.442167255595 0.539693757362
0.605034462092 0.371591249625
0.458686616791 0.524854530341
0.452390460977 0.52960976723
0.519750926903 0.464510644359
0.438580974843 0.537342767296
0.443438263619 0.538594221647
0.459589125354 0.516299667856
0.529653815189 0.446641023347
0.575717106027 0.403843920567
0.483005366726 0.496811075679
0.515176830966 0.458368142579
0.636164536777 0.349181926045
0.544331797235 0.437142857143
0.419493714483 0.564749440331
0.412668234352 0.566618301896
0.553859447005 0.424168861093
0.466916354557 0.509719992866
0.441638144695 0.52862032338
0.463443666163 0.518152268461
0.581449727202 0.395946999221
0.538359398053 0.437002065506
0.51724137931 0.458093869732
0.60144092219 0.379827089337
0.421440972222 0.5546875
0.467169861733 0.510052768686
0.487311275297 0.478959203341
0.48216540404 0.49834280303
0.395833333333 0.579799578059
0.614989293362 0.361027837259
0.489826197541 0.484315387876
0.411583659765 0.564540197724
0.430733504164 0.539477898783
0.450185322461 0.522535211268
0.392082884178 0.582944065158
0.607178360278 0.370166902109
0.488745310546 0.483534806169
0.543391041495 0.437922506183
0.483261216124 0.497381006604
0.622332651272 0.35194387606
0.507978374406 0.475054457654
0.425291589932 0.554849600982
0.499484915379 0.47799852833
0.494554593689 0.479056129573
0.423157453936 0.55527638191
0.514283842223 0.46835277159
0.509054634745 0.470841006753
0.661721679945 0.321660416117
0.51401010565 0.451538814883
0.417523124358 0.553442959918
0.480965874091 0.487372181841
0.548279234094 0.432888552412
0.420137484836 0.560655074808
0.40338762215 0.578110749186
0.653185497171 0.32755689747
0.436274290152 0.548550432406
0.400383440712 0.582807588559
0.388795227597 0.582544417067
0.45461493389 0.5247242249
0.460563955864 0.514303228443
0.495014245014 0.48254985755
0.555194805195 0.417112299465
0.431656441718 0.542903885481
0.512555391433 0.459379615953
0.47617441174 0.500548199376
0.402682688277 0.576638256253
0.446439440049 0.52870764861
0.514457002313 0.470932275349
0.48893129771 0.482061068702
0.455079271873 0.52436876101
0.586133774216 0.394421881177
0.402964526639 0.577899132669
0.507113272105 0.464433639474
0.585841523342 0.406941031941
0.270620064346 0.713073998245
0.437360031616 0.555131076275
0.415075488455 0.578263765542
0.479827400216 0.502481121899
0.671368823988 0.318069043737
0.353293413174 0.64103372203
0.341303249705 0.654318908907
0.503353204173 0.488574267263
0.353439922481 0.635658914729
0.845240920959 0.150011868028
0.366138560687 0.628222341568
0.589141599413 0.404622157007
0.731340141067 0.263396146963
0.530040238657 0.463646454836
0.406372809347 0.584492830589
0.304647595553 0.688046555023
0.42753090053 0.562683931725
0.369448616177 0.621325895731
0.163623595506 0.825140449438
0.235558630232 0.753718436527
0.443290734824 0.551561945332
0.21217957232 0.771284367114
0.365827504289 0.625692886367
0.698451698056 0.296329762932
0.815906954887 0.176691729323
0.714285714286 0.279200359389
0.613849765258 0.3779342723
0.206675909139 0.772101951584
0.317175759556 0.672962267233
0.547255165668 0.447487467906
0.869852164731 0.118796198522
0.606210412483 0.388073536227
0.298884126515 0.691915459651
0.625761531767 0.368581375109
0.433206933911 0.556771397616
0.214269411604 0.774592595974
0.400085855334 0.593873608684
0.365102426268 0.627342728461
0.439513154659 0.554339808212
0.3419729769 0.650966148482
0.694000523972 0.300759758973
0.335629801244 0.657297890501
0.480131843985 0.510309467131
0.419093211871 0.575887151124
0.336582312439 0.657247607976
0.586149889787 0.407176096008
0.409114359415 0.582688449412
0.457212713936 0.537489812551
0.262388302193 0.731620633631
0.323921319797 0.670262267343
0.763440860215 0.231490015361
0.496275010643 0.495955725841
0.523452157598 0.469981238274
0.185358332919 0.803501268215
0.2704 0.718222222222
0.51302217638 0.479693140794
0.23116089613 0.756384145386
0.275950292398 0.703855994152
0.672032676598 0.320518981259
0.22787302502 0.762698298356
0.429144263191 0.565478902761
0.683333333333 0.311111111111
0.392442379846 0.594961586564
0.239447731755 0.751479289941
0.268822170901 0.717628945343
0.704250295159 0.285320739866
0.594585779517 0.397097195042
0.39024197998 0.602112398518
0.265022137887 0.71779464474
0.23273381295 0.742805755396
0.764613368283 0.226474442988
0.244573991031 0.744573991031
0.44221820062 0.548603929679
0.485663174035 0.508714541273
0.669437805258 0.325989816066
0.386851072359 0.606935257567
0.245128966413 0.748190758953
0.686016866052 0.305157874093
0.453793103448 0.53921182266
0.459579508439 0.533609712763
0.571642536196 0.421268097853
0.483150800337 0.496293176074
0.380546075085 0.600568828214
0.336021505376 0.650537634409
0.411300797922 0.572091297087
0.316170445234 0.666347992352
0.244578920827 0.742141536393
0.394905227575 0.583484244839
0.379418531688 0.602070696507
0.292235863739 0.686667819471
0.551866781051 0.432503261138
0.490814993211 0.489610822167
0.306627444194 0.680855972775
0.397368421053 0.581578947368
0.392296940519 0.589532536108
0.35118160047 0.6359405359
0.326819082294 0.663034748621
0.33825473777 0.651167915381
0.340234644582 0.634230503796
0.395447569313 0.591796057483
0.324256256887 0.660003148119
0.427011630667 0.554948967482
0.315147011994 0.673389236811
0.454861111111 0.515625
0.490468190782 0.497452706157
0.434695244474 0.546263515453
0.360181743081 0.629466129698
0.373286817842 0.610765013705
0.387803668815 0.595637084779
0.287937743191 0.696498054475
0.345698294937 0.637120916309
0.369783412573 0.597728473323
0.36130685458 0.616912235746
0.299359347699 0.677781013395
0.318831942789 0.656287246722
0.385657099055 0.599097180819
0.431194708222 0.554967129291
0.373053661047 0.612919830138
0.375151883354 0.59659781288
0.413855363737 0.572691821014
0.333403671661 0.634311036084
0.328735632184 0.641634738186
0.436446755109 0.546073861599
0.424437927664 0.557184750733
0.304827061954 0.680729760547
0.419348141997 0.558231264272
0.336839630957 0.644884527237
0.501359311282 0.473493429995
0.621404913913 0.367546032789
0.32759483118 0.659316381826
0.505828807176 0.480621108609
0.429289954234 0.551814762789
0.37487636004 0.598911968348
0.319688706416 0.666217292726
0.415621230398 0.568938480097
0.306420584345 0.676926776482
0.407728181213 0.576504552521
0.43454808019 0.54880224261
0.44457567066 0.529610258141
0.371642246642 0.609432234432
0.301659496005 0.675968039336
0.372491303184 0.613593791812
0.406125696102 0.576173428799
0.351595159516 0.627282728273
0.374641377112 0.613802996493
0.296910755149 0.668764302059
0.308072487644 0.676060001734
0.419529499627 0.566467513069
0.312678169542 0.670217554389
0.394852770693 0.58706236958
0.40082009226 0.585340850846
0.389660072139 0.59580281998
0.416460701928 0.567597627286
0.293237817838 0.694206093049
0.439671200705 0.544867403856
0.394467436288 0.577651927685
0.269219898248 0.715234595817
0.354535752401 0.622625400213
0.429828295729 0.561089825458
0.34751937088 0.63918121892
0.380667142936 0.605154695829
0.380396192436 0.602212503216
0.44242501271 0.541687849517
0.461654329489 0.526295403684
0.332408556618 0.653865810031
0.350066666667 0.636733333333
0.297135528003 0.680205215904
0.401455546814 0.587529504327
0.37507071469 0.607674900999
0.474341569373 0.506199656077
0.431402439024 0.54237804878
0.334763148079 0.63521074226
0.446502275935 0.543985484949
0.378107457899 0.597634322374
0.564192634561 0.422889518414
0.470056220973 0.515725576469
0.594992187683 0.396088975712
0.478393492628 0.504016268429
0.390821986889 0.574382249117
0.377979027645 0.595328884652
0.347165205814 0.641462332187
0.426635392234 0.540787073234
0.335946924005 0.653196622437
0.293997888705 0.691600060323
0.306907713919 0.680205215904
0.408853258975 0.560125479261
0.308574069794 0.680101687081
0.314314683381 0.664853903586
0.380732394366 0.600901408451
0.430552879985 0.556925447891
0.490220557636 0.489284228048
0.364375101576 0.614984560377
0.347584097859 0.637737003058
0.363713798978 0.602214650767
0.300387824656 0.679280761547
0.836680858063 0.155379973051
0.340591966173 0.630655391121
0.673875265495 0.313187874107
0.583560709413 0.388130968622
0.307415406767 0.667026637869
0.425297410777 0.5411126662
0.155244755245 0.801398601399
0.499371715787 0.476210875029
0.392556179775 0.570575842697
0.415961750644 0.5590290548
0.320261437908 0.646125116713
0.359619306594 0.595060049853
0.669404928872 0.296734121419
0.219310344828 0.746206896552
0.309289969409 0.660119143455
0.368892583356 0.585596194698
0.50271437255 0.468989079629
0.150760719225 0.82295988935
0.686058379261 0.294549908145
0.250513347023 0.702258726899
0.350437317784 0.590670553936
0.542891970136 0.420996495505
0.407342934009 0.557841430606
0.321167883212 0.64801297648
0.485210961288 0.468537045092
300490.366633366633 0.593406593407
0.327651720769 0.61871675171
0.29422548121 0.665444546288
0.351851851852 0.617945326279
0.309449636552 0.647975077882
0.423907584129 0.527875439478
0.618681223464 0.351200069318
0.272848269743 0.688553682343
0.468803080059 0.49246970898
0.226666666667 0.756666666667
0.300518134715 0.67027790862
0.425147620702 0.549843695728
0.201557935735 0.776046738072
0.363474546102 0.597721609114
0.287074829932 0.684353741497
0.379936160511 0.589238486092
0.26678563462 0.704438991747
0.617094017094 0.355311355311
0.504921521681 0.462623038042
0.336589545844 0.60942587832
0.475074775673 0.492023928215
0.688430631056 0.283975419523
0.324115755627 0.640728831726
0.271787296898 0.705563761694
0.395042839657 0.573133414933
0.346516007533 0.621939736347
0.320833333333 0.645833333333
0.418869880767 0.544064282011
0.300104931794 0.663168940189
0.260249554367 0.675579322638
0.454447832997 0.518663287659
301130.355637594216 0.627826488233
0.238834336395 0.749762432689
0.148854961832 0.828244274809
0.149509803922 0.835784313725
0.136075949367 0.841772151899
0.262747875354 0.723087818697
0.378800328677 0.593262119967
0.225428313796 0.7565374211
0.19754680439 0.771465461588
0.304476351351 0.682010135135
0.418452380952 0.563988095238
0.31010820797 0.6687780417
0.393301595256 0.590996408586
0.285062439962 0.699327569645
0.186440677966 0.801530891197
0.196393442623 0.773770491803
0.241105823703 0.744164967143
0.257442489851 0.721921515562
0.352664576803 0.631347962382
0.31141439206 0.670223325062
0.214885078439 0.769792046698
0.469749762433 0.515521064302
0.338591242861 0.6336687517
0.300344783553 0.685480781509
0.244712990937 0.737160120846
0.339676840215 0.640933572711
0.430269775949 0.554053171337
0.509961370277 0.477601623625
0.213935230618 0.768400392542
0.32704186685 0.654426904598
0.285714285714 0.696832579186
0.249105225483 0.737294201861
0.239036973345 0.741616509028
0.44027986007 0.538630684658
0.248681898067 0.74165202109
0.206225680934 0.778210116732
0.249520153551 0.739923224568
0.111413043478 0.872282608696
0.38178780284 0.59649122807
0.369496250721 0.614689482792
0.278667790894 0.7086846543
0.226575809199 0.753549119818
0.153985507246 0.833333333333
0.252739225712 0.72826880935
0.219768881552 0.755881139084
0.171232876712 0.810502283105
0.362692565305 0.618553248493
0.410928961749 0.57131147541
0.436276849642 0.543675417661
0.277689115863 0.707628471114
0.245985215396 0.743563599286
0.216572504708 0.770244821092
0.240022484542 0.746486790332
0.307464892831 0.671101256467
0.515292990476 0.470319338102
0.311011717274 0.668325563815
0.195180722892 0.787951807229
0.219948849105 0.772378516624
0.153583617747 0.819112627986
0.29493487699 0.690448625181
0.288495575221 0.694985250737
0.236568457539 0.736568457539
0.320284697509 0.658362989324
0.357523696682 0.619075829384
0.293842887473 0.682377919321
0.413285714286 0.570142857143
0.349563953488 0.622819767442
0.219702338767 0.769666902906
0.23506874014 0.752760874465
0.24368174727 0.740093603744
0.282408107699 0.701784903948
0.263888888889 0.718253968254
0.241221979766 0.74350327316
0.364197530864 0.610786224821
0.172808132147 0.806861499365
0.510818253344 0.466758457907
0.412640403347 0.573442324617
0.371153464364 0.608695652174
0.32140880155 0.662538057016
0.360118646353 0.619657543481
0.184987694832 0.793273174733
0.374678663239 0.60411311054
0.159340659341 0.824175824176
0.266423357664 0.718572587186
0.324427480916 0.659923664122
0.130769230769 0.848717948718
0.524621212121 0.45928030303
0.292967124428 0.685393258427
0.358806901257 0.624719758261
0.327993697479 0.657300420168
0.288713910761 0.694488188976
0.219679633867 0.764302059497
0.245646478656 0.740792109724
0.329498302527 0.644190871369
0.584376117269 0.395129325755
0.412007722008 0.565444015444
0.283491627093 0.684703824044
0.233707865169 0.680898876404
0.193288590604 0.757046979866
0.337160014129 0.632991875662
0.273985680191 0.69785202864
0.24584717608 0.71096345515
0.398284604085 0.575937070559
0.469007368877 0.490247074122
0.413073315795 0.545293377559
0.366557734205 0.585511982571
0.455449647741 0.515955242437
0.552212851539 0.42636421214
0.320145757418 0.635085892764
0.490814645889 0.482241648718
0.501897504856 0.49012401016
0.526946937927 0.46282882196
0.633746886602 0.357277127685
0.586976292973 0.402898199236
0.63388969521 0.356535236252
0.513297023333 0.47801018579
0.56542589919 0.426916075576
0.500406674242 0.491011303152
0.597752349173 0.393622212079
0.586511299435 0.405941031073
0.568380654432 0.420560577675
0.538618989285 0.451048499227
0.587136678243 0.402386868349
0.667046008018 0.318796598104
0.449061808946 0.538414380487
0.598779956427 0.387590413943
0.75538383875 0.238779476249
0.553853366512 0.432882541743
0.727059343188 0.264399223413
0.425959728071 0.560041392989
0.670799222371 0.317482526891
0.601394487563 0.387625427003
0.475095390327 0.513886382386
0.447816317684 0.542740373132
0.401427264275 0.586045588673
0.600421210736 0.391007640567
0.510329120421 0.473567716687
0.517444510677 0.471412041095
0.388706749397 0.596065786978
0.635441587762 0.356057360438
0.420773922361 0.562597873568
0.598742827075 0.388287244103
0.313064133017 0.663182897862
0.370034463994 0.618084527481
0.639548932743 0.345751107531
0.545497481108 0.44080604534
0.323061975154 0.665209244222
0.343240651965 0.648130393097
0.578529005939 0.408107864899
0.364468223411 0.623431171559
0.591606960082 0.393405468636
0.708505747126 0.28275862069
0.412238325282 0.574879227053
0.508735868448 0.479958890031
0.273715947023 0.716108538818
0.36479832373 0.618753273965
0.525158679054 0.458651458008
0.516622500602 0.464586846543
0.713240868751 0.275743656067
0.786287381473 0.206053975201
0.39563977555 0.588308343299
0.387371586069 0.592082184916
0.748170326015 0.242714570858
0.340840840841 0.643393393393
0.555946175294 0.430995964879
0.386350200346 0.600337194281
0.798171644732 0.190795176925
0.767908882006 0.220415911394
0.429171230376 0.549653158087
0.593734015345 0.385038363171
0.815451166758 0.172241515872
0.444122756225 0.538650839606
0.284064665127 0.703233256351
0.530033604032 0.456209745169
0.631957544573 0.349603998914
0.375749030666 0.605569263306
0.881730184874 0.113208322691
0.526787335795 0.457327925419
0.442436626014 0.541951344103
0.528473587418 0.452882237301
0.49407535126 0.487783851205
0.480006506357 0.50947488275
0.478841179514 0.502224521469
0.60356870924 0.381865130599
0.538024657155 0.445040864386
0.533440530627 0.450731119039
0.458154965753 0.522527825342
0.531800973943 0.456595468618
0.576701922823 0.408081660644
0.561572000943 0.423580014141
0.597322540473 0.388854296389
0.435136292279 0.548832120261
0.402076734956 0.584252094776
0.437958532695 0.54645705172
0.354871108135 0.637094074322
0.445659715137 0.53924009305
0.460459835368 0.52776043145
0.78917650393 0.2018456075
0.45260485236 0.536016550686
0.451920814708 0.534601552785
0.484692761863 0.494205116991
0.578927991848 0.409391189612
0.438882361955 0.532665883435
0.532841886241 0.459178691914
0.851344340237 0.137857558064
0.493863794146 0.489866302376
0.486442307692 0.497382478632
0.585422538694 0.397942936261
0.490574564235 0.494942973962
0.50012106804 0.48802893893
0.394527235355 0.588771839671
0.50352366199 0.478018021949
0.512198226484 0.469218040647
0.447377537587 0.54377699254
0.744109673129 0.24615410848
0.530571362211 0.451834862385
0.472108983952 0.521524588472
0.524639548933 0.468779701973
0.567778156728 0.419025631608
0.502467248486 0.481200534087
0.546541141723 0.433368714138
0.42512362536 0.555022510886
0.454512765192 0.531103919453
0.5036112935 0.47829576129
0.406489235986 0.582900888866
0.519139737337 0.470819958198
0.532719389641 0.447417067187
0.439521609133 0.547114252061
0.693850197109 0.289198423127
0.605746766541 0.37806787254
0.492467461483 0.492672428518
0.494808822916 0.488554392695
0.438250227835 0.548964978518
0.628938553733 0.362303739434
0.359547214775 0.624784033363
0.476966536289 0.519774011299
0.450066116743 0.543117561866
0.301574296249 0.687481711242
0.386917322079 0.597928256282
0.604921657214 0.390944919735
0.375685910812 0.6093979442
0.276527742265 0.718358476093
0.410486434699 0.585158733615
0.650291423813 0.347418817652
0.508127711936 0.487662716145
0.407085740521 0.586563109768
0.566532817524 0.426325841046
0.398870734568 0.59370993699
0.405030580841 0.588762352452
0.345704249683 0.644852009674
0.333403361345 0.655042016807
0.324469175575 0.669732025187
0.509602834235 0.482658959538
0.370803322491 0.622139289033
0.545323520393 0.447439435756
0.301310394726 0.690650373824
0.491190316073 0.504505716207
0.315703082254 0.673354003283
0.397597016987 0.597293191548
0.457784567111 0.536641757153
0.42587952044 0.569059551887
0.586914581961 0.409631858491
0.337392418971 0.655466031862
0.443150019987 0.549426075039
0.327016592497 0.66509976128
0.303627407076 0.688958551028
0.450599715389 0.545537710917
0.757765770573 0.237475818825
0.67209815381 0.32573441189
0.549989692847 0.444444444444
0.499023100793 0.493544803279
0.372262860683 0.622125854798
0.524100852799 0.472005932518
0.30644379845 0.684108527132
0.530779586342 0.464039489251
0.46835443038 0.528418962522
0.58914767364 0.405479805225
0.638230519481 0.359862012987
0.412510925209 0.582120114871
0.456695739564 0.534869530885
0.390714160516 0.60184626171
0.706499149821 0.291233704893
0.593013440686 0.40237646906
0.50225502255 0.493234932349
0.374545604759 0.619340713814
0.522569758332 0.469655878985
0.378057661826 0.61637321681
0.454965357968 0.540223248653
0.455214358625 0.538108200068
0.495947830676 0.500621960873
0.328789500366 0.663577986819
0.360586769997 0.630058123443
0.387932553904 0.602902297162
0.486977648202 0.502915451895
0.52183704657 0.475669588997
0.619995582714 0.375363812609
0.286636539703 0.7065203357
0.439649724655 0.552947548975
0.3899303934 0.604109680432
0.49114307666 0.504951340277
0.490045385779 0.50432677761
0.650958541883 0.345830578903
0.389668612048 0.604656798401
0.721392500269 0.271650370689
0.42304230423 0.571407140714
0.566195301191 0.429796236499
0.418418588816 0.575240445995
0.42713490099 0.568378712871
0.453981106613 0.540188933873
0.541413068638 0.455169314979
0.418396495906 0.569986669206
0.283539718202 0.707873974607
0.504022293496 0.48987854251
0.566327436997 0.428469913458
0.423791068217 0.568305595663
0.381308166208 0.610892646481
0.337590598832 0.655513334741
0.455383780852 0.540586617072
0.574415308292 0.423245924876
0.31265517486 0.680747676811
0.318400523193 0.66964077171
0.35621553112 0.636248415716
0.487647877523 0.503827418232
0.432664584334 0.558565593465
0.489238845144 0.503412073491
0.363238460818 0.630582342477
0.631266872349 0.365599691477
0.571133032617 0.422257495266
0.687829049241 0.308867554454
0.581619937695 0.415420560748
0.517452847007 0.474310978001
0.454916624558 0.541687721071
0.303099532854 0.687148361578
0.51684981685 0.47980115123
0.264842600765 0.726978523095
0.465528014997 0.522911893356
0.342541436464 0.619573796369
0.481265464829 0.496288441145
0.660759493671 0.325738396624
0.228456913828 0.751503006012
0.395428571429 0.584571428571
0.291641244661 0.674801708359
0.302869287991 0.679064824655
0.372904155657 0.609680518857
0.526886243498 0.455909364966
0.437647058824 0.529411764706
0.398695318496 0.582118188795
0.409050576752 0.558118899734
0.320536258379 0.656916514321
0.5 0.470790378007
0.297489082969 0.669213973799
0.416363636364 0.553333333333
0.239678899083 0.733944954128
0.516080369752 0.465335729875
0.305703422053 0.660836501901
0.454683929931 0.519421172887
0.301410541945 0.662212323682
0.343673469388 0.61306122449
0.387846291332 0.58400357462
0.283143939394 0.686553030303
0.406470344255 0.5686437163
0.378431372549 0.597385620915
0.344674556213 0.639792899408
0.39347734011 0.584921643371
0.335231154634 0.634935094512
0.383099229724 0.593037305543
0.503067484663 0.478186775733
0.51775486827 0.456471935853
0.319845857418 0.655105973025
0.452359208524 0.520547945205
0.370613008891 0.608329433786
0.485912531539 0.495794785534
0.564303380049 0.409315746084
0.376023827252 0.592702903946
0.464777542373 0.515360169492
0.751048333701 0.229971308762
0.579166666667 0.403125
0.285534591195 0.691823899371
0.831395348837 0.15625
0.257907542579 0.722627737226
0.343131048205 0.634801483223
0.594174757282 0.392233009709
0.414436583615 0.562288526607
0.518394648829 0.448160535117
0.529251363411 0.455875061973
0.476610586787 0.494460402134
0.39584799437 0.587927124873
0.353535353535 0.617845117845
0.311798053268 0.670980853567
0.365271626141 0.607882129621
0.3814905174 0.60226017308
0.368343738524 0.603419431183
0.541640590076 0.41269557443
0.664825491076 0.314392239445
0.284999341499 0.699679529391
0.503004940059 0.475976212202
0.372302342232 0.607190344687
0.377125684568 0.609059990043
0.459899292126 0.507334160403
0.388530193695 0.592425804351
0.469323620892 0.512820099595
0.32864218542 0.657709847047
0.33644709293 0.64621248725
0.450573248408 0.52847133758
0.455200576507 0.515433581552
0.389569512372 0.583506851968
0.685007496019 0.304443813962
0.296166832175 0.684250248262
0.433462305077 0.547191933404
0.39623308869 0.593222212397
0.55698069807 0.42704270427
0.405324265103 0.579209470419
0.371165915319 0.612658004066
0.589957585216 0.39730252789
0.449565704679 0.533015784066
0.356310304902 0.621150135083
0.41599485334 0.56922860417
0.403799839443 0.583534029079
0.438317868189 0.532357839638
0.521005971051 0.468756160063
0.371792016924 0.609530701999
0.380455259027 0.592857142857
0.469758064516 0.499596774194
0.424244510222 0.556962896675
0.353060552874 0.624725756911
0.482203725723 0.491557669441
0.281734029878 0.695628265054
0.475212215581 0.502335627103
0.383829275624 0.588893898407
0.490358126722 0.48893811593
0.389645379742 0.59007500182
0.493141067185 0.490035644848
0.41323124505 0.567834647154
0.385754707776 0.596058152015
0.35471399292 0.626048071548
0.575304237112 0.40735942913
0.645488779441 0.339515340833
0.371438853236 0.610448029749
0.619923682715 0.359982138508
0.436627906977 0.539244186047
0.429646179895 0.554818551554
0.394229819188 0.582057108981
0.272639318885 0.712558049536
0.3189959899 0.659943561562
0.532402645114 0.436884643644
0.517940112104 0.468204771092
0.448970181371 0.520596372579
0.369589482823 0.606908098723
0.450945967192 0.528641056548
0.400099239166 0.560205094277
0.52097638772 0.461480529837
0.424461942257 0.546351706037
0.471179270227 0.501388154416
0.379059376296 0.60283753282
0.480556928654 0.494727302686
0.533306800657 0.447059018623
0.332039965079 0.647007469202
0.281735433586 0.700659508366
0.419352627701 0.558440000685
0.450508788159 0.52950310559
0.510082756291 0.470697517311
0.458215902973 0.521612463979
0.474667758627 0.505825857127
0.305600649351 0.676632395382
0.502281317291 0.476464033489
0.577141793511 0.410018651543
0.598049858303 0.377722272924
0.500525435873 0.476235968474
0.350697361788 0.632204671484
0.351882845188 0.627126917713
0.435294117647 0.536108597285
0.313654816925 0.675725954132
0.41298923261 0.568723295163
0.415109156589 0.564041149678
0.442178395338 0.538883908561
0.524584945004 0.458733266479
0.404113396331 0.573466740782
0.30650710546 0.69349289454
0.168857847165 0.831142152835
0.280795244927 0.719204755073
0.107636068237 0.892363931763
0.219772788748 0.780227211252
0.245925565556 0.754074434444
0.322423093745 0.677576906255
0.346570028583 0.653429971417
0.238789120482 0.761210879518
0.297336022076 0.702663977924
0.439267175573 0.560732824427
0.332677165354 0.667322834646
0.119590873328 0.880409126672
0.379998659042 0.620001340958
0.261587884351 0.738412115649
0.412298887494 0.587701112506
0.277889649617 0.722110350383
0.349409780776 0.650590219224
0.291869890172 0.708130109828
0.253285088555 0.746714911445
0.331032686548 0.668967313452
0.157058556514 0.842941443486
0.147721320063 0.852278679937
0.245234620318 0.754765379682
0.282041728763 0.717958271237
0.26643481621 0.73356518379
0.218723404255 0.781276595745
0.267738883633 0.732261116367
0.305504587156 0.694495412844
0.141394753679 0.858605246321
0.314957264957 0.685042735043
0.352491213562 0.647508786438
0.252032520325 0.747967479675
0.328035859821 0.671964140179
0.315203642803 0.684796357197
0.292226205125 0.707773794875
0.158125685629 0.841874314371
0.325890483785 0.674109516215
0.314868105516 0.685131894484
0.306828364896 0.693171635104
0.250733662587 0.749266337413
0.312845492858 0.687154507142
0.326833073323 0.673166926677
0.240939324012 0.759060675988
0.264996203493 0.735003796507
0.403600535215 0.596399464785
0.148414985591 0.851585014409
0.305715881586 0.694284118414
0.359762202753 0.640237797247
0.298239040839 0.701760959161
0.424892703863 0.575107296137
0.232245301682 0.767754698318
0.317792792793 0.682207207207
0.357490272374 0.642509727626
0.415901472611 0.584098527389
0.414928576219 0.585071423781
0.381459043934 0.618540956066
0.381915846016 0.618084153984
0.31276531231 0.68723468769
0.365098498416 0.634901501584
0.317222125284 0.682777874716
0.31633941094 0.68366058906
0.308418506671 0.691581493329
0.282807958864 0.717192041136
0.159955257271 0.840044742729
0.279725728534 0.720274271466
0.347131529851 0.652868470149
0.319994252461 0.680005747539
0.239725303751 0.760274696249
0.14756195044 0.85243804956
0.321902996602 0.678097003398
0.377882104998 0.622117895002
0.291257318646 0.708742681354
0.277092027235 0.722907972765
0.220310532942 0.779689467058
0.222335803731 0.777664196269
0.173935483871 0.826064516129
0.32226449902 0.650639916984
0.64776855501 0.33105088179
0.552221997267 0.430967505188
0.584552650516 0.391940513313
0.545346062053 0.425932022056
0.484504293521 0.486924277908
0.353704969247 0.619740310456
0.428243021346 0.544006568144
0.489267340784 0.493144783193
0.391556782173 0.585403250537
0.391066545123 0.585232452142
0.262593783494 0.715434083601
0.259249109345 0.710331597698
0.643757751137 0.334849111203
0.522419394385 0.458578521515
0.445693341478 0.532681734881
0.417351963406 0.553003224436
0.317451933235 0.657863229805
0.260371179039 0.71806768559
0.627077809141 0.353049354204
0.601944671514 0.372112033731
0.436453619279 0.539291526406
0.284462616822 0.691102024922
0.500238380095 0.478325402323
0.348889443474 0.624157723983
0.772361905042 0.207124068713
0.486959005856 0.493415226396
0.369439071567 0.611218568665
0.535684298908 0.437523853141
0.374472153613 0.602581467612
0.370025673941 0.606787548139
0.337333031469 0.641159157799
0.522233521309 0.452990662846
0.626923862273 0.357053523571
0.345431789737 0.622027534418
0.481724372987 0.495216604377
0.396114788285 0.592392782664
0.571996982079 0.41887473764
0.372069635178 0.614336246359
0.477821198822 0.509324836169
0.270473700816 0.717897868121
0.54002717695 0.446290228651
0.374783180812 0.614311063261
0.39957700141 0.584012219959
0.53742816763 0.451590934431
0.359266606552 0.628722572888
0.496281566269 0.484705920393
0.373023255814 0.576279069767
0.501819974217 0.479487373929
0.552272666255 0.436853974817
0.541755021706 0.450023449995
0.382232020497 0.603348626586
0.430431052336 0.551936333245
0.481993477953 0.505175102793
0.472949127088 0.514510981791
0.441889950131 0.542783083988
0.426918804947 0.561879929969
0.539175594359 0.450639839535
0.601354764802 0.388932766951
0.51360190278 0.464694514642
0.593534041464 0.394196314308
0.492594380612 0.495684078401
0.419008264463 0.564462809917
0.332454242534 0.658702209308
0.24944107314 0.736505908655
0.489076299887 0.494787170463
0.355430107527 0.630322580645
0.4573986195 0.528931190682
0.34714673913 0.636775362319
0.315697013537 0.667872274465
0.626231710958 0.365762167811
0.434897276807 0.556417293972
0.468022904636 0.519365048684
0.400385756137 0.588187128118
0.571460762027 0.415330677925
0.536753782874 0.451720302481
0.373239149906 0.615076133865
0.40510805501 0.57858546169
0.491839417535 0.491879866518
0.325781961737 0.6622532645
0.580112683189 0.409774317096
0.599758647464 0.391909401451
0.419055965945 0.570301740328
0.554888475974 0.431971454587
0.421801095345 0.560492905153
0.323962245002 0.661321424947
0.830629245755 0.163632213268
0.4732534105 0.514923522117
0.305719656284 0.68112244898
0.448437698867 0.535859742904
0.347514062197 0.639749143337
0.36632205237 0.616329415923
0.394348105331 0.590879897238
0.434514476847 0.551426779555
0.357793251205 0.627387966435
0.420723876241 0.567425569177
0.398407832731 0.586402525507
0.461117021277 0.522553191489
0.470292140559 0.517729140782
0.433137868701 0.556324677042
0.411816662688 0.57761995703
0.458326550545 0.528569103044
0.427572427572 0.561569320732
0.62618556701 0.358804123711
0.576701905934 0.405268312282
0.608527131783 0.375658914729
0.668529871119 0.315345911405
0.589951562043 0.391648515978
0.418659850283 0.568194266934
0.373830968893 0.614457137924
0.751432129514 0.234122042341
0.325418956232 0.661431422401
0.648592898188 0.339767202004
0.503012355764 0.486980496273
0.441373996976 0.549148156762
0.428292682927 0.558993418506
0.512939958592 0.477613871636
0.535297217469 0.452289716282
0.347340965078 0.640776699029
0.533963080473 0.452696856072
0.479364108835 0.508896361969
0.568945538818 0.423352191398
0.496986555401 0.492582290218
0.494162228595 0.496108152397
0.552109736097 0.437826151782
0.415982663394 0.571206658484
0.440468953539 0.54989144594
0.653326448059 0.336689904467
0.48521869734 0.505733020734
0.46773173573 0.52234980862
0.372010451567 0.610141812588
0.416377019015 0.572616370204
0.621962966927 0.367976024831
0.370639046091 0.616822160516
0.60332187858 0.385223367698
0.400870128002 0.588594851143
0.419567556311 0.568597508069
0.402491523487 0.583412701436
0.651147540984 0.335846994536
0.306618447659 0.682425338311
0.525942944668 0.466398621482
0.632639577139 0.357449620086
0.624207976146 0.367871785315
0.405492240543 0.582383608147
0.304476364922 0.679874031942
0.684998984359 0.305631728621
0.259075430123 0.722317434174
0.63940330799 0.351782761821
0.386223000584 0.603385872738
0.385974359701 0.598824740904
0.581704899462 0.410519811539
0.437624639929 0.550040623384
0.687282495879 0.304597350266
0.404553755714 0.581830363414
0.438127090301 0.53110367893
0.452813067151 0.525537982888
0.461092715232 0.508278145695
0.430551181102 0.539212598425
0.516816063105 0.461168877734
0.518822449214 0.462928956731
0.39565395654 0.576875768758
0.733441033926 0.252019386107
0.306751352623 0.662902846389
0.284543325527 0.692037470726
0.454248366013 0.530165912519
0.427835051546 0.548969072165
0.610060877924 0.367830823454
0.459171112023 0.523102174805
0.595305832148 0.380512091038
0.327268693144 0.645440426004
0.420342992312 0.559550561798
0.556942277691 0.428081123245
0.475202885482 0.490532010821
0.657738095238 0.326388888889
0.24145785877 0.736332574032
0.39450867052 0.58429672447
0.351273300079 0.616434759779
0.357382550336 0.619966442953
0.466318537859 0.509399477807
0.343124165554 0.633288829551
0.161598609904 0.814943527368
0.374237531396 0.595981341945
0.357036300348 0.620089507708
0.395310571781 0.586589880708
0.183923705722 0.783378746594
0.358644307983 0.625649504015
0.344235033259 0.633314855876
0.287898089172 0.696815286624
0.383936451898 0.589585172109
0.492180312787 0.492180312787
0.234449760766 0.738437001595
0.458692528736 0.515445402299
0.492610037356 0.486113366899
0.409124844463 0.56300290336
0.416140992921 0.568353637983
0.43266301036 0.54478976234
0.413921901528 0.558913412564
0.320727272727 0.665454545455
0.575536284801 0.410771337289
0.32307824888 0.647621509824
0.44246737841 0.527876631079
0.49671592775 0.473727422003
0.494579996275 0.487253988949
0.511063306699 0.463429625077
0.38455052536 0.59653219181
0.295966785291 0.653618030842
0.334722222222 0.650694444444
0.589065255732 0.392636684303
0.414250207125 0.554266777133
0.886995515695 0.0986547085202
0.474151116549 0.507800550627
0.328396651642 0.654861558274
0.279711884754 0.697478991597
0.780763790665 0.201909476662
0.321944346601 0.654808030997
0.386259191176 0.583180147059
0.421243994286 0.55966757564
0.348301886792 0.629433962264
0.477402802447 0.49723702388
0.62177328844 0.350168350168
0.361462996476 0.622725973902
0.324174406605 0.658862229102
0.408213679172 0.570480160568
0.317098662207 0.661789297659
0.295432533994 0.688664626351
0.244984022212 0.741893236943
0.363790345347 0.61494306954
0.368536853685 0.608727539421
0.341777586947 0.640103048519
0.256684737664 0.728154001654
0.334733893557 0.651382292047
0.277924089853 0.71045701007
0.295421825511 0.688549764853
0.416972936853 0.559305045105
0.267633857005 0.716976595063
0.343104693141 0.63725631769
0.322569198013 0.66518807665
0.306821717486 0.678126944617
0.598885086612 0.389204060983
0.327380952381 0.652298850575
0.4008492569 0.578202406228
0.384583845838 0.59819598196
0.305259515571 0.682283737024
0.358097218612 0.632076943073
0.271702032943 0.710639560766
0.379347950867 0.604580415567
0.348468451513 0.63595727662
0.394730088117 0.590469672342
0.275259930685 0.706078379099
0.288141090614 0.695236164606
0.425453759723 0.553370786517
0.300278035218 0.684099033497
0.435459367073 0.553885595692
0.269642857143 0.708482142857
0.526742012993 0.464981756697
0.27845325892 0.705202312139
0.28178661466 0.701374684869
0.602414090405 0.389826333292
0.278844378807 0.707864131438
0.38038984052 0.604105138807
0.419275123558 0.562955989645
0.500298151461 0.479427549195
0.474934036939 0.503693931398
0.499671844235 0.478013563772
0.279369704819 0.70649182451
0.27875569044 0.701062215478
0.376187997076 0.60838188706
0.457551385165 0.525022341376
0.462840008567 0.528271578496
0.322137595205 0.659570483206
0.373060211049 0.610593834058
0.28146906431 0.70298689424
0.273079697079 0.712901190047
0.294910020232 0.691300181024
0.300451012379 0.684579215047
0.279891304348 0.699048913043
0.45872463237 0.533441751798
0.393984436478 0.589839993005
0.382618710135 0.598423104181
0.386759478673 0.60077014218
0.323807274445 0.660132262636
0.301127214171 0.68455895509
0.454818047941 0.534110466457
0.298441734417 0.680894308943
0.288625036646 0.691439460569
0.321684587814 0.662559737157
0.422549140809 0.555692916306
0.443 0.532
0.319730438038 0.668663421939
0.326718966313 0.656360559914
0.35647588707 0.626093961698
0.261829652997 0.724019828752
0.31051681142 0.672585776937
0.337437531687 0.648330556964
0.397579812091 0.588814009543
0.253575114256 0.726964469999
0.316031658384 0.663721700718
0.253352194029 0.734241004332
0.634961922262 0.359052287418
0.386454698203 0.589504976089
0.448520065371 0.536771381878
0.286732413297 0.700217245206
0.319613239122 0.668605429528
0.31338139756 0.677943273649
0.455359901143 0.521161569354
0.291608972584 0.693852118527
0.285982478098 0.697903629537
0.385034013605 0.586394557823
0.383092525702 0.594470686302
0.325629993854 0.660028682647
0.245204487875 0.737423090843
0.335671489113 0.646865409908
0.349445078311 0.632714448709
0.297782572472 0.692604302408
0.309928040249 0.676842590551
0.278654935519 0.714414848741
0.1708847069 0.825221717499
0.321846576283 0.671666380642
0.307416879795 0.684501278772
0.169651056015 0.824380165289
0.129292929293 0.864646464646
0.440308215751 0.554988491944
0.24160095989 0.752228316764
0.294117647059 0.699826989619
0.242633567188 0.748407987048
0.452758500368 0.534912573179
0.222763237979 0.76810712112
0.447184394553 0.548030916452
0.447554238874 0.54646500646
0.52429973711 0.468841089461
0.29820992677 0.695077298617
0.1108033241 0.875346260388
0.234986261939 0.753630773257
0.307633152948 0.687439475933
0.348472250098 0.644589079718
0.349977761812 0.639826884259
0.498629385965 0.488212719298
0.247584541063 0.743961352657
0.756604590732 0.240796881767
0.188071252252 0.803856161185
0.308350856113 0.682787623911
0.273246135553 0.715457788347
0.465226781857 0.525615550756
0.397116644823 0.597932139217
0.186132025915 0.803537033794
0.641081338826 0.352865600869
0.379877246822 0.612450679527
0.136516476126 0.856422326833
0.294753738278 0.699163639436
0.314248251748 0.682255244755
0.240359218172 0.752094181571
0.281101208644 0.713771212306
0.216463414634 0.776132404181
0.203488372093 0.790135033758
0.268939393939 0.717803030303
0.18989769821 0.800511508951
0.173924803895 0.8144441439
0.367448257127 0.625213508328
0.214076246334 0.771260997067
0.300444124355 0.694994598488
0.257819015847 0.734007506255
0.25745049029 0.731974620265
0.239069767442 0.750697674419
0.203075079872 0.790135782748
0.361652078775 0.631126914661
0.26524822695 0.721985815603
0.21939477304 0.769601100413
0.331391585761 0.664077669903
0.35736677116 0.637931034483
0.649681528662 0.340127388535
0.190656565657 0.799873737374
0.574929296651 0.419177403101
0.279487810884 0.712632356562
0.263424947146 0.730655391121
0.269318701417 0.722450845908
0.375152303657 0.617855151478
0.258867924528 0.737811320755
0.240740740741 0.751028806584
0.751325704717 0.243929667876
0.172597864769 0.812574139976
0.748015422998 0.244046268995
0.195478314365 0.794063365118
0.256498255879 0.736750309441
0.335596508244 0.652764306499
0.285163668864 0.708412467881
0.659605285999 0.334161531117
0.223509223509 0.769126269126
0.394043067015 0.59871201449
0.297211497211 0.694122694123
0.282190753071 0.710119103442
0.385089686099 0.607062780269
0.289285714286 0.707936507937
0.379562043796 0.596715328467
0.48583861817 0.50915625789
0.241022251597 0.747741793347
0.279351113555 0.715012372835
0.592072870507 0.404726735598
0.160019694732 0.833333333333
0.39898388429 0.5939570888
0.214899713467 0.776504297994
0.210139002453 0.781602616517
0.0936936936937 0.904504504505
0.364709110867 0.630625686059
0.344893719035 0.649192903948
0.141960108348 0.852006894853
0.306288032454 0.686171620072
0.30915940664 0.686578761479
0.324960942194 0.668309097464
0.340603208919 0.65174540599
0.272405421809 0.722132308315
0.256735340729 0.736925515055
0.228768577495 0.763004246285
0.113918017159 0.880362249762
0.233855799373 0.751724137931
0.190289665845 0.802214807292
0.505020076876 0.489174788935
0.340013027319 0.654622782482
0.126071608674 0.862834089763
0.330965909091 0.657196969697
0.483594281824 0.504152484683
0.138019169329 0.85750798722
0.273057622426 0.720193805157
0.690838846174 0.303664921466
0.289654121591 0.702422672558
0.235155328352 0.758815047844
0.225508482103 0.766897593037
0.273488372093 0.720697674419
0.309279552343 0.684192119375
0.262646115651 0.726181855798
0.479910714286 0.511160714286
0.292032089197 0.69926575566
0.150971428571 0.840914285714
0.200734394125 0.788249694002
0.155887230514 0.838142620232
0.258791890774 0.736450144808
0.286728176011 0.70656888258
0.379983726607 0.606997558991
0.508739097395 0.486315741717
0.73608815427 0.260055096419
0.578064181299 0.417351440187
0.258364870547 0.734526741555
0.263658367911 0.725622406639
0.389965792474 0.606157354618
0.317926652039 0.676117744279
0.215572097491 0.778004562372
0.534653465347 0.460396039604
0.221476510067 0.765100671141
0.247850683772 0.745200231636
0.185527747552 0.809031556039
0.0493827160494 0.932098765432
0.408123791103 0.584784010316
0.532663826334 0.460438222763
0.267739575713 0.721287490856
0.286073046896 0.706447562374
0.25586542718 0.740150509075
0.249637728889 0.741404294559
0.592446448703 0.401916572717
0.227571916138 0.766211604096
0.314218381775 0.677454831108
0.201280227596 0.791322901849
0.27745557463 0.715306453858
0.329533542977 0.663259958071
0.123900879297 0.872901678657
0.250664090799 0.743540207679
0.234155479238 0.757518992611
0.151898734177 0.848101265823
0.312438765302 0.680960778854
0.295540796964 0.696869070209
0.241860465116 0.751827242525
0.377056195331 0.616764206154
0.244402985075 0.746268656716
0.282469135802 0.711851851852
0.388010384706 0.605617181968
0.183090379009 0.809912536443
0.257912139821 0.728861596599
0.356696738376 0.636790690226
0.782330345711 0.211816352661
0.328141025641 0.666923076923
0.290640394089 0.701477832512
0.209736528245 0.783584516968
0.365209034118 0.626501681884
0.183241252302 0.807090239411
0.241848947586 0.748658687577
0.201186419286 0.786949387858
0.232642559641 0.76130733273
0.206585724798 0.787711552612
0.391909940851 0.602365960695
0.112794612795 0.878787878788
0.352632242343 0.622999033654
0.331084810204 0.662476237199
0.333333333333 0.655238095238
0.300592885375 0.688735177866
0.474009815099 0.518157933872
0.0783870967742 0.919677419355
0.110990206746 0.884657236126
0.260227350078 0.732046831393
0.253937607967 0.738136368255
0.253380364491 0.742896335489
0.219766094195 0.772226319671
0.193905070119 0.800701186624
0.369369369369 0.620620620621
0.309250136836 0.681843061153
0.298499482004 0.693145740735
0.712656784493 0.278791334094
0.247385931559 0.743821292776
0.183026387062 0.810473574247
0.198189134809 0.799798792757
0.230485556238 0.760295021512
0.305158730159 0.686706349206
0.522801302932 0.470358306189
0.424447174447 0.569103194103
0.0791505791506 0.920849420849
0.399701046338 0.594768310912
0.26506401227 0.727548752622
0.186383639658 0.807144706187
0.266456339233 0.729426233891
0.220968403775 0.76918342224
0.357971405449 0.630698678176
0.304158283032 0.687569863626
0.414319853803 0.580572606719
0.198613376835 0.791598694943
0.248073959938 0.746533127889
0.196283600938 0.796319682482
0.138205980066 0.853156146179
0.276348637794 0.719526755671
0.135416666667 0.855902777778
0.298963724014 0.695848569585
0.22754491018 0.762760193898
0.844670154919 0.152662357649
0.177588652482 0.81390070922
0.156704361874 0.840064620355
0.280272108844 0.712925170068
0.24144486692 0.753485424588
0.322094406981 0.664815549385
0.437757526974 0.555528405425
0.267695886645 0.724648408586
0.36328125 0.630859375
0.323405253283 0.671435272045
0.198090692124 0.800715990453
0.340195016251 0.652546045504
0.287174697076 0.705767883553
0.641430973702 0.346121702662
0.317125432669 0.674303609692
0.273637515843 0.713941698352
0.262233843855 0.731042211431
0.241206030151 0.752093802345
0.470588235294 0.523700742433
0.545383533823 0.449304796126
0.221038680542 0.771990967995
0.32902621096 0.665349981589
0.383784916933 0.60845867617
0.460865054147 0.534206601388
0.249930497637 0.741451209341
0.282026166655 0.711747009025
0.715248363496 0.280473195568
0.342684535796 0.654607318936
0.140116019634 0.854975457385
0.301730345414 0.691112614284
0.265482796892 0.727857935627
0.696176650992 0.297280719689
0.428356082482 0.559323758761
0.327828746177 0.666850152905
0.23509117792 0.753573188763
0.217142024197 0.775812642729
0.225444287729 0.769421720733
0.18337408313 0.810513447433
0.178453947368 0.813870614035
0.676788830716 0.320418848168
0.841847265222 0.153766769866
0.215677966102 0.756779661017
0.172018989109 0.800893605138
0.248750665889 0.705182516933
0.446802865482 0.525338286018
0.297235023041 0.677419354839
0.274497296062 0.698044405515
0.15940998756 0.816065398969
0.218424626528 0.755545495699
0.19124643197 0.791151284491
0.507948717949 0.458205128205
0.198850054913 0.761418696298
0.204711160965 0.742288278183
0.271565495208 0.700958466454
0.158692357653 0.771812080537
0.166378671933 0.794618612688
0.176691729323 0.795739348371
0.153386454183 0.825697211155
0.483592731275 0.489224318407
0.465144230769 0.518028846154
0.183394507024 0.763953929882
0.169491525424 0.798921417565
0.567600938387 0.413075688357
0.334103685197 0.63716427233
0.144145067104 0.831164839668
0.184274012567 0.780359346948
0.339927623643 0.635826296743
0.209868421053 0.762114337568
0.255956956188 0.714834742506
0.348247025233 0.626838848066
0.69053334725 0.294958772571
0.659001210335 0.321843919381
0.607440273038 0.37337883959
0.682030697302 0.30528128941
0.562378167641 0.395711500975
0.616377496142 0.367254360941
0.632988721805 0.350093984962
0.706675122879 0.278658633265
0.648084316585 0.334283441601
0.627759013432 0.351739847616
0.616355408248 0.36911211677
0.696042940956 0.284608663088
0.733937293867 0.25036529871
0.691230560754 0.292701813254
510015100351005510075100951011510135101551017510195102151023510255102751029510315103351035510365103751041510435104551047510495105151053510575105951061510635106551067510695107151073510755107751079510815108351085510875108951091510935109551097510995110151103511055110751109511115111351115511175111951121511255112751131511335113551137511395114151143511455114751149511535115551157511595116151163511655116751169511715117351175511775117951181511835118551187511915119351195511975119951510515155152051530515405155051560515705158051590515955160051610516205163051640516505166051670516785168051683516855169051700517105172051730517355174051750517605177051775517805179051800518105182051830518400.31233933162 0.66998714653
0.431376975169 0.55
0.368612092846 0.615951857866
0.437641989816 0.546259302781
0.534110444882 0.447775588075
0.53238100761 0.450962957236
0.309512761021 0.671461716937
0.581854288197 0.39584626205
0.397274232582 0.588077951853
0.419237749546 0.54960677556
0.378004995317 0.607945675929
0.282626100881 0.701361088871
0.34987014971 0.62603116407
0.580800574035 0.396545538414
0.534203406963 0.45185361358
0.675542031191 0.307087612527
0.712899701741 0.27367517514
0.561180289171 0.422460902921
0.452229792505 0.528724063177
0.485882481195 0.488607870926
0.417156885451 0.563435082681
0.339231547017 0.636838557465
0.543851572211 0.435339072787
0.469375619425 0.505450941526
0.566369870024 0.408248899806
0.390430915504 0.568011041251
0.568871610952 0.414969354709
0.705816804101 0.277468241587
0.550850680798 0.431349679252
0.512285239239 0.460927397007
0.606681876426 0.376957214739
0.48776262852 0.489478095664
0.409991532599 0.563251481795
0.602068218437 0.380016931718
0.487719298246 0.482456140351
0.408890352321 0.573724069806
0.596191600477 0.387897296396
0.511993708219 0.469720802202
0.442633241139 0.542399811687
0.388201253818 0.591223276001
0.428871136932 0.558890771672
0.541159455225 0.434253344582
0.499814264487 0.486255572065
0.477340153453 0.504552429668
0.442045521034 0.543297642034
0.408197406943 0.562526139691
0.435464044253 0.537185003073
0.243837441706 0.734510326449
0.47550489902 0.505098980204
0.402087832973 0.568034557235
0.235448473282 0.75143129771
0.422119325945 0.557689388189
0.357332049121 0.625692270648
0.415095821552 0.569981149859
0.350484712901 0.626398210291
0.425945809385 0.559432830165
0.398429752066 0.583966942149
0.518518518519 0.470267613814
0.49164829782 0.497036492775
0.319220225404 0.65671641791
0.443979683298 0.531221989842
0.426603492147 0.552513819426
0.534566546481 0.447092020693
0.492299135792 0.487250791478
0.427707808564 0.55480388629
0.421952145841 0.552791492594
0.353848364385 0.630633651037
0.324884188445 0.659557730968
0.429810820581 0.550066273045
0.510696969697 0.473090909091
0.359569028488 0.610664718773
0.373532255836 0.608923884514
0.484670001614 0.493383895433
0.438884288967 0.548023183606
0.389239332096 0.595547309833
0.383333333333 0.596258503401
0.425685026294 0.551619153058
0.356504722199 0.621032927763
0.376899696049 0.61170212766
0.362025769506 0.62125984252
0.418817651957 0.559811268387
0.259784607302 0.723141581298
0.451450189155 0.528913709242
0.430652790918 0.54399243141
0.398550724638 0.579380764163
0.366342301088 0.606182026331
0.332793959008 0.64455231931
0.325502978532 0.659772957177
0.39795186224 0.579870849912
0.50940904589 0.453615054473
0.455880056224 0.518194596283
0.337093275488 0.64295010846
0.349302573602 0.636243720356
0.363054778089 0.613754498201
0.583659933675 0.399557833384
0.686385542169 0.302048192771
0.528883633338 0.457933692463
0.636228182205 0.352916134525
0.54018380758 0.448488889603
0.564477230813 0.417931621507
0.500461573967 0.48465266559
0.503197971464 0.481398781365
0.537847417763 0.446847980919
0.529119318182 0.450071022727
0.570694439686 0.417588817705
0.628249141736 0.356179499755
0.729584183205 0.258393498883
0.448776150138 0.538517339823
0.581403347856 0.407704654896
0.659320974797 0.326307019371
0.567017025712 0.41765114663
0.603917638484 0.381632653061
0.423292273236 0.564389697648
0.449255932431 0.539233524218
0.571092580714 0.419072054736
0.612462006079 0.374147703935
0.622273932572 0.364197196818
0.420046228199 0.566505568397
0.666116793138 0.322913229957
0.558146313028 0.42844651705
0.603095573114 0.384240718692
0.497991594883 0.489795444519
0.536971374211 0.448586007092
0.585363036727 0.400854656982
0.54866598494 0.437947383099
0.611236311697 0.3760990319
0.604960368192 0.381488110458
0.499229287091 0.489499036609
0.554246214615 0.428571428571
0.529947054931 0.45454760329
0.536541100438 0.447656146253
0.526829268293 0.459625858395
0.520359666024 0.465639049454
0.868693849343 0.127850725639
0.675344047939 0.314476224572
0.533354294398 0.453649845412
0.524242104151 0.462342875251
0.544502378339 0.44031284303
0.550703515385 0.434393354957
0.386334610473 0.60401171963
0.557738253252 0.428723121848
0.536172748946 0.445397029158
0.481707857206 0.499689963681
0.631617796783 0.351430462228
0.557744066552 0.423048690971
0.531742238684 0.45742477647
0.596004700353 0.393419506463
0.639673293656 0.346410029125
0.532311516156 0.449185307926
0.473567834661 0.511202364568
0.608934707904 0.378563246604
0.525195721689 0.463005844084
0.513968734241 0.473071104387
0.4904625117 0.496982216054
0.489217895076 0.492007295355
0.626128838049 0.361754966887
0.602430185462 0.382079158673
0.474207219056 0.515417214672
0.480865621768 0.506842230886
0.519211714191 0.468897941209
0.346293702527 0.642743629801
0.366831619261 0.62433409355
0.510624876799 0.478257441356
0.496362713585 0.487988496024
0.551122708233 0.43423973998
0.55758214093 0.42582269376
0.506583588055 0.46913943099
0.21032649962 0.767463933181
0.184036979969 0.801294298921
0.342723004695 0.635416666667
0.214785992218 0.766381322957
0.16716744059 0.810434307566
0.344145071792 0.633945426463
0.311458687521 0.670180210813
0.245043616178 0.727200634417
0.209893666204 0.770688858067
0.3879112656 0.59258454631
0.213841642229 0.760703812317
0.310082241852 0.669090770637
0.189440993789 0.789596273292
0.252147651007 0.727382550336
0.310870525851 0.661290322581
0.298778031422 0.682758157647
0.216266173752 0.766173752311
0.34790484241 0.625528317836
0.609710322317 0.372664218686
0.278686552803 0.692687033919
0.256650246305 0.728078817734
0.195368171021 0.777315914489
