0.454649058122 0.540323121271
0.524452399162 0.463837029979
0.327204408818 0.643336673347
0.697317840294 0.273283243054
0.753057506154 0.231989122019
0.598465452358 0.388749359928
0.697151506167 0.290993422952
0.282878596387 0.7099525261
0.245789971618 0.744181646168
0.337259218492 0.654265272427
0.750071071762 0.229582098038
0.118473101266 0.836827531646
0.577463274812 0.403057446554
0.418798925108 0.570802663863
0.598410374399 0.390880568919
0.447260241893 0.539758827789
0.488683084846 0.494663399643
0.257828655835 0.71211225997
0.564191860819 0.417543646207
0.480967402734 0.509148264984
0.584597606998 0.399534856508
0.477270395074 0.50719343253
0.519750926903 0.464510644359
0.439513154659 0.554339808212
0.326819082294 0.663034748621
0.226666666667 0.756666666667
0.249105225483 0.737294201861
0.469007368877 0.490247074122
0.500406674242 0.491011303152
0.388706749397 0.596065786978
0.748170326015 0.242714570858
0.851344340237 0.137857558064
0.492467461483 0.492672428518
0.370803322491 0.622139289033
0.343131048205 0.634801483223
0.449565704679 0.533015784066
0.306828364896 0.693171635104
0.626923862273 0.357053523571
0.373239149906 0.615076133865
0.668529871119 0.315345911405
0.415982663394 0.571206658484
0.474151116549 0.507800550627
0.278844378807 0.707864131438
0.282190753071 0.710119103442
0.507948717949 0.458205128205
0.648084316585 0.334283441601
0.390430915504 0.568011041251
0.492299135792 0.487250791478
0.603917638484 0.381632653061
0.216266173752 0.766173752311
0.550010801469 0.427090084251
0.606143970656 0.390646492435
0.423233250295 0.559853153271
0.232594280978 0.748653128885
0.460563955864 0.514303228443
0.24368174727 0.740093603744
0.42304230423 0.571407140714
0.426918804947 0.561879929969
0.457551385165 0.525022341376
0.265482796892 0.727857935627
